0 0.06384375 0.7196874999999999 0.12767187500000002 0.4244375
0 0.385046875 0.6362708333333333 0.06050000000000004 0.20668750000000002
0 0.907953125 0.6045833333333334 0.047921875000000114 0.12650000000000006
0 0.793796875 0.6523125000000001 0.06542187499999992 0.23752083333333332
0 0.1825 0.6765625 0.09254687499999999 0.2807708333333333
0 0.25184375000000003 0.6104166666666667 0.026484374999999984 0.10387500000000002
0 0.6165 0.6132708333333333 0.03626562500000006 0.12252083333333322
0 0.281625 0.6109166666666667 0.029984374999999997 0.10370833333333328
0 0.9765 0.6279375 0.036421874999999916 0.14789583333333337
0 0.7327656250000001 0.5983750000000001 0.030671874999999994 0.09422916666666671
0 0.31462500000000004 0.6030416666666666 0.026203124999999973 0.08756249999999995
0 0.340484375 0.5895416666666667 0.036015625000000016 0.07893749999999997