0 0.858015625 0.7816355140186917 0.21429687500000005 0.43294392523364494
0 0.053296875 0.8185046728971962 0.10606249999999999 0.3629906542056075
0 0.16212500000000002 0.7730373831775701 0.17040625000000004 0.45392523364485976
0 0.4640625 0.8095794392523364 0.18125 0.3808411214953271
0 0.329828125 0.807803738317757 0.19960937500000003 0.3719158878504674
0 0.475046875 0.3283411214953271 0.10751562499999992 0.43301401869158873
0 0.41498437499999996 0.5839719626168224 0.12990624999999997 0.4396028037383177
0 0.233015625 0.4361214953271028 0.14834375 0.30350467289719635
0 0.06737499999999999 0.32628504672897196 0.13468750000000002 0.3795560747663551
0 0.05 0.4894859813084112 0.1 0.3247663551401869
0 0.684828125 0.7606308411214954 0.19195312500000003 0.4763084112149533
0 0.603125 0.8481308411214953 0.165625 0.3037383177570093
0 0.1639375 0.41294392523364487 0.063234375 0.2609813084112149
0 0.9522187499999999 0.4977336448598131 0.08485937499999992 0.5772429906542056