0 0.222859375 0.6083999999999999 0.25028125 0.665670588235294
0 0.644515625 0.5608 0.21048437500000006 0.5450588235294118
0 0.274234375 0.43282352941176466 0.10989062499999998 0.298
0 0.47339062500000006 0.28334117647058826 0.09073437500000008 0.13310588235294118
0 0.09059375 0.4280235294117647 0.091578125 0.334635294117647
0 0.56684375 0.31727058823529414 0.12467187499999995 0.18818823529411768
0 0.8583281250000001 0.42929411764705877 0.10767187500000013 0.3686823529411764
0 0.617265625 0.3811058823529412 0.09757812500000007 0.20654117647058828
0 0.33521875 0.3549411764705882 0.05864062500000004 0.2012
0 0.37065625 0.3200941176470588 0.072375 0.16774117647058828
0 0.683328125 0.2574588235294118 0.07909375 0.17555294117647055