0 0.721453125 0.4671534653465346 0.145703125 0.480940594059406
0 0.8696406250000001 0.47698019801980196 0.15978124999999999 0.38930693069306926
0 0.443296875 0.3141831683168317 0.04987499999999993 0.22101485148514857
0 0.17984375 0.17254950495049504 0.03760937499999999 0.11710396039603961
0 0.5291875 0.1507178217821782 0.02951562499999998 0.10212871287128711
0 0.928109375 0.38945544554455447 0.053125 0.21150990099009898
0 0.28500000000000003 0.306980198019802 0.059171875000000006 0.21032178217821781
0 0.300640625 0.13455445544554456 0.021140624999999958 0.04034653465346534
0 0.581015625 0.21443069306930693 0.029390624999999913 0.1372277227722772
0 0.601546875 0.1527970297029703 0.026546875000000015 0.1064108910891089
0 0.06721875000000001 0.3363366336633663 0.05657812499999999 0.08826732673267322
0 0.558078125 0.17482673267326732 0.028421875000000086 0.13168316831683166
0 0.27296875 0.13846534653465345 0.014187499999999974 0.03227722772277226