0 0.7328923076923077 0.7398333333333333 0.1516246153846153 0.5158333333333334
0 0.9211199999999999 0.7906666666666667 0.14392615384615393 0.4071777777777778
0 0.4464369230769231 0.36644444444444446 0.07149538461538466 0.3970222222222223
0 0.21139692307692307 0.3564666666666666 0.08595692307692311 0.49053333333333327
0 0.13492307692307692 0.32608888888888893 0.08397538461538463 0.4467666666666666
0 0.10239384615384614 0.8925111111111111 0.17263384615384614 0.21327777777777782
0 0.5273846153846153 0.8533333333333334 0.10461538461538461 0.29333333333333333
0 0.40633230769230766 0.6793888888888889 0.12152615384615385 0.3657000000000001
0 0.3081661538461538 0.3683444444444444 0.08059076923076926 0.41305555555555556
0 0.031513846153846156 0.3942777777777778 0.05977230769230769 0.4950444444444444
0 0.3855323076923077 0.3511444444444444 0.06698461538461532 0.4689444444444444