0 0.039132307692307695 0.3677888888888889 0.07354461538461537 0.45944444444444443
0 0.72944 0.7720222222222223 0.1523015384615386 0.4559555555555555
0 0.8858830769230769 0.8091999999999999 0.15927999999999995 0.3714
0 0.21555692307692306 0.37235555555555555 0.086 0.471211111111111
0 0.11287384615384616 0.8993888888888889 0.16176000000000001 0.19908888888888895
0 0.58192 0.8182555555555555 0.11268923076923085 0.36054444444444445
0 0.32498461538461537 0.3723 0.07966153846153849 0.42116666666666674
0 0.4536246153846154 0.3345111111111111 0.0730953846153846 0.3228
0 0.1484676923076923 0.3284333333333333 0.07819076923076922 0.44443333333333335
0 0.3954830769230769 0.3504555555555556 0.07140923076923075 0.44347777777777775
0 0.4356307692307692 0.7092888888888889 0.12 0.506588888888889