0 0.2184123076923077 0.14762222222222224 0.06762461538461538 0.29488888888888887
0 0.848036923076923 0.16090000000000002 0.0748799999999999 0.32180000000000003
0 0.4401969230769231 0.18901111111111113 0.06513230769230764 0.37802222222222226
0 0.7313846153846154 0.8688888888888889 0.104 0.26222222222222225
0 0.8981230769230769 0.6395777777777778 0.0798092307692308 0.5506222222222221
0 0.5047015384615384 0.7331555555555556 0.10217846153846151 0.5267888888888889
0 0.959716923076923 0.5601111111111111 0.0687446153846154 0.4728222222222222
0 0.3094584615384615 0.4967222222222222 0.10967384615384618 0.34863333333333324
0 0.42177846153846155 0.8040444444444445 0.09862769230769229 0.37693333333333334
0 0.15602461538461537 0.5152555555555556 0.09248000000000002 0.44296666666666673
0 0.20180307692307692 0.7073 0.10527384615384616 0.5603666666666666
0 0.3136738461538462 0.7886333333333333 0.1000861538461538 0.3763666666666667
0 0.34296 0.8673000000000001 0.09466461538461537 0.25815555555555547
0 0.6128492307692307 0.8646666666666667 0.10028307692307688 0.27066666666666656
0 0.6470584615384616 0.6310666666666667 0.10470769230769236 0.5812444444444443
0 0.71352 0.5530444444444444 0.07023384615384622 0.45631111111111117