0 0.4696153846153846 0.6333333333333333 0.05 0.5333333333333333
0 0.3296153846153846 0.8305555555555556 0.05307692307692308 0.3388888888888889
0 0.2653846153846154 0.8333333333333334 0.06923076923076923 0.3333333333333333
0 0.3423076923076923 0.5819444444444445 0.05076923076923077 0.48055555555555557
0 0.4046153846153846 0.6638888888888889 0.04153846153846154 0.5166666666666667
0 0.6353846153846154 0.3458333333333333 0.046153846153846156 0.4527777777777778
0 0.5907692307692308 0.29583333333333334 0.04 0.38055555555555554
0 0.7442307692307693 0.35138888888888886 0.03 0.3861111111111111
0 0.72 0.2972222222222222 0.03230769230769231 0.37222222222222223
0 0.5596153846153846 0.8319444444444445 0.05153846153846154 0.33611111111111114
0 0.8984615384615384 0.8166666666666667 0.05384615384615385 0.36666666666666664
0 0.12230769230769231 0.1763888888888889 0.036923076923076927 0.3527777777777778
0 0.15576923076923077 0.17222222222222222 0.031538461538461536 0.34444444444444444
0 0.20961538461538462 0.17916666666666667 0.040769230769230766 0.35833333333333334