0 0.33297846153846156 0.6265888888888889 0.08226461538461542 0.4875777777777777
0 0.7654276923076923 0.6892111111111111 0.0934338461538461 0.5214666666666666
0 0.6281784615384615 0.6345444444444445 0.10866461538461535 0.6074333333333334
0 0.058953846153846155 0.6731333333333334 0.09460307692307691 0.5724888888888889
0 0.8892984615384615 0.6232444444444444 0.08589538461538457 0.5778
0 0.9624861538461538 0.3122888888888889 0.0643692307692307 0.4436222222222222
0 0.7254523076923076 0.21488888888888893 0.08515076923076917 0.36596666666666666
0 0.5700061538461538 0.1695222222222222 0.08114461538461547 0.3222555555555555
0 0.515236923076923 0.643688888888889 0.08311999999999996 0.403711111111111
0 0.42176 0.5612333333333334 0.08019076923076919 0.4564333333333333
0 0.2505415384615385 0.7524444444444445 0.09443076923076926 0.49511111111111106