0 0.33087384615384613 0.23434444444444444 0.07392615384615381 0.38621111111111106
0 0.2519446153846154 0.7215111111111111 0.12900307692307691 0.5368444444444446
0 0.5560923076923077 0.7128555555555556 0.11201230769230767 0.5742777777777779
0 0.12184615384615384 0.7238888888888889 0.112 0.5522222222222222
0 0.04759384615384615 0.7128444444444444 0.0951876923076923 0.5519888888888889
0 0.21384 0.2394666666666667 0.060239999999999995 0.3910444444444444
0 0.7538092307692308 0.7276999999999999 0.08464615384615395 0.5442666666666666
0 0.4800184615384615 0.24154444444444442 0.07870769230769237 0.3996666666666667
0 0.6590646153846154 0.7560333333333332 0.09472000000000004 0.48589999999999994
0 0.9511507692307691 0.8173444444444444 0.09769230769230769 0.3653111111111111
0 0.26038153846153844 0.25854444444444447 0.07782153846153848 0.38412222222222214