0 0.11470769230769232 0.5388333333333333 0.09896 0.47892222222222214
0 0.2232676923076923 0.4935555555555555 0.08630769230769231 0.4293777777777777
0 0.7661353846153847 0.6824666666666667 0.08759384615384624 0.5190111111111112
0 0.35884923076923075 0.20175555555555555 0.07375999999999994 0.39011111111111113
0 0.42829538461538463 0.17745555555555556 0.06892923076923077 0.35490000000000005
0 0.6285784615384615 0.6132666666666667 0.08423384615384621 0.6109222222222221
0 0.7032 0.5635222222222223 0.08577846153846146 0.48497777777777784
0 0.8920984615384616 0.6200111111111111 0.07621538461538456 0.5237444444444443
0 0.42196307692307694 0.6440444444444444 0.09327999999999996 0.5625888888888888
0 0.9155815384615384 0.18345555555555557 0.06222769230769224 0.31668888888888885
0 0.5352923076923077 0.35351111111111116 0.08060923076923078 0.4948888888888889
0 0.05890461538461538 0.8603666666666667 0.11625846153846155 0.2674333333333334
0 0.02722461538461539 0.5326888888888889 0.05435076923076922 0.4608
0 0.8414707692307692 0.5495444444444444 0.06817230769230781 0.45581111111111106