0 0.4807692307692308 0.7527777777777778 0.06769230769230769 0.49444444444444446
0 0.5515384615384615 0.7375 0.07230769230769231 0.525
0 0.5869230769230769 0.8208333333333333 0.047692307692307694 0.35833333333333334
0 0.691923076923077 0.8388888888888889 0.057692307692307696 0.32222222222222224
0 0.8053846153846154 0.7305555555555555 0.055384615384615386 0.5277777777777778
0 0.645 0.48333333333333334 0.045384615384615384 0.5166666666666667
0 0.69 0.5 0.04923076923076923 0.4666666666666667
0 0.3942307692307692 0.6277777777777778 0.040769230769230766 0.5222222222222223
0 0.36038461538461536 0.43194444444444446 0.03461538461538462 0.25277777777777777
0 0.2923076923076923 0.6180555555555556 0.038461538461538464 0.5805555555555556
0 0.35192307692307695 0.7013888888888888 0.04692307692307692 0.5194444444444445
0 0.17692307692307693 0.20277777777777778 0.043076923076923075 0.40555555555555556