0 0.2892123076923077 0.8796111111111111 0.1693538461538462 0.23408888888888896
0 0.7604615384615384 0.6716111111111112 0.08795692307692297 0.5075555555555555
0 0.6321661538461538 0.6168 0.09791384615384623 0.6028222222222221
0 0.4393969230769231 0.17551111111111112 0.0602769230769231 0.3494
0 0.9281846153846154 0.8641222222222222 0.09434461538461535 0.2699333333333334
0 0.8976923076923077 0.6083666666666666 0.07371692307692305 0.5288888888888889
0 0.27108923076923075 0.467288888888889 0.08068307692307693 0.4386444444444445
0 0.40476307692307695 0.6027666666666667 0.09433846153846151 0.4871222222222223
0 0.5148123076923077 0.5186777777777778 0.09459076923076926 0.4817333333333334
0 0.13411692307692308 0.5252333333333332 0.09382153846153848 0.4577444444444444
0 0.36825230769230766 0.20145555555555555 0.06743384615384611 0.3764333333333334