0 0.7695384615384615 0.9572222222222222 0.10646153846153845 0.08555555555555555
0 0.8790153846153846 0.9319000000000001 0.11446769230769244 0.13619999999999993
0 0.45514461538461537 0.17303333333333332 0.07716307692307699 0.34606666666666663
0 0.5200061538461539 0.1809111111111111 0.08406153846153841 0.34884444444444435
0 0.36599384615384617 0.18968888888888888 0.06932923076923082 0.37937777777777776
0 0.7805107692307692 0.6792555555555556 0.09177846153846146 0.5026666666666666
0 0.08259692307692308 0.059333333333333335 0.06692923076923077 0.11866666666666667
0 0.27019692307692306 0.23328888888888888 0.07270153846153846 0.35873333333333335
0 0.9665538461538462 0.3377555555555556 0.06689230769230758 0.36911111111111117
0 0.1832123076923077 0.26057777777777774 0.0769353846153846 0.3953
0 0.9057230769230769 0.6384333333333334 0.08792615384615392 0.5563555555555556
0 0.8933969230769231 0.13520000000000001 0.07404307692307702 0.2703888888888889
0 0.6122338461538461 0.26187777777777776 0.07197538461538457 0.3806555555555556
0 0.6612123076923077 0.5977333333333333 0.09608615384615377 0.6123444444444446