0 0.34465230769230765 0.4580111111111111 0.08597538461538463 0.3832555555555555
0 0.5636 0.7135777777777778 0.1096492307692308 0.5728333333333333
0 0.050006153846153846 0.5737666666666666 0.10001230769230769 0.5285444444444445
0 0.7639199999999999 0.7347333333333333 0.07841230769230774 0.5305333333333333
0 0.6729723076923076 0.7576333333333334 0.08684923076923083 0.48364444444444443
0 0.21384615384615385 0.25495555555555555 0.06436923076923079 0.39627777777777773
0 0.08881846153846154 0.488011111111111 0.07759999999999999 0.46697777777777766
0 0.27601230769230767 0.8846666666666667 0.13799384615384616 0.23066666666666658
0 0.39428307692307696 0.8246666666666668 0.12591384615384624 0.35066666666666657
0 0.61408 0.6428333333333333 0.06828307692307688 0.47588888888888886
0 0.2681415384615385 0.2858888888888889 0.07104615384615387 0.3931111111111112
0 0.33422769230769234 0.18453333333333333 0.07472615384615389 0.2970555555555556