0 0.5720061538461538 0.11994444444444445 0.07152000000000001 0.2255222222222222
0 0.7461476923076923 0.6872222222222222 0.10021538461538455 0.5694
0 0.2469169230769231 0.49456666666666665 0.09718769230769235 0.47880000000000006
0 0.5943938461538462 0.6325111111111111 0.13548307692307698 0.6554111111111109
0 0.8685353846153846 0.6225555555555555 0.0802461538461539 0.6009777777777779
0 0.04664615384615384 0.16155555555555556 0.08542153846153847 0.31856666666666666
0 0.1325230769230769 0.5575666666666668 0.09247384615384618 0.5055666666666667
0 0.6826892307692307 0.5813333333333334 0.08240000000000006 0.46477777777777773
0 0.9695323076923077 0.3175222222222222 0.05452307692307687 0.3754222222222222
0 0.464 0.11666666666666667 0.07261538461538461 0.23333333333333334
0 0.8204676923076923 0.5967666666666667 0.0706276923076923 0.5609