0 0.7544123076923077 0.9485111111111111 0.09765538461538464 0.10297777777777785
0 0.7795384615384615 0.6815777777777777 0.09089230769230758 0.49207777777777784
0 0.2656369230769231 0.22048888888888887 0.06958153846153849 0.35054444444444444
0 0.17555076923076923 0.25355555555555553 0.08338461538461539 0.4013777777777778
0 0.8625723076923077 0.9238999999999999 0.1006892307692307 0.15220000000000003
0 0.4546646153846154 0.17535555555555554 0.06811076923076927 0.3507111111111111
0 0.5206461538461539 0.18377777777777776 0.07886769230769236 0.3375333333333333
0 0.9042707692307692 0.6414 0.08545846153846147 0.5531888888888888
0 0.3601723076923077 0.19383333333333333 0.06793230769230775 0.38765555555555553
0 0.6630584615384616 0.5819444444444445 0.11208615384615377 0.5763333333333334
0 0.6153107692307691 0.21719999999999998 0.055975384615384566 0.31352222222222226
0 0.7348061538461538 0.5452666666666667 0.10050461538461548 0.4718666666666667
0 0.7375138461538462 0.20586666666666667 0.0813107692307693 0.30062222222222224
0 0.06347692307692308 0.3723444444444445 0.0747753846153846 0.3838000000000001