0 0.5096923076923077 0.17207777777777777 0.0742215384615384 0.3441444444444445
0 0.5651138461538461 0.4216222222222222 0.07448615384615383 0.39396666666666674
0 0.44326769230769225 0.18191111111111113 0.07444307692307695 0.35054444444444444
0 0.7754953846153847 0.6703555555555556 0.09939076923076909 0.5196555555555556
0 0.6386707692307692 0.6128111111111111 0.12087384615384619 0.5810444444444445
0 0.33676307692307694 0.5387555555555555 0.12291692307692308 0.5539
0 0.9192246153846154 0.8665 0.11770461538461538 0.26699999999999996
0 0.7037969230769231 0.5703111111111111 0.09697846153846162 0.46787777777777767
0 0.2648615384615384 0.49552222222222225 0.08645538461538461 0.46038888888888885
0 0.85848 0.5692111111111111 0.08570461538461538 0.46440000000000003
0 0.04953846153846154 0.7088888888888889 0.09415384615384616 0.5822222222222222
0 0.37389538461538463 0.2030777777777778 0.07688000000000005 0.3816222222222222
0 0.4300184615384615 0.8660888888888889 0.13212307692307695 0.2678222222222222
0 0.8895323076923077 0.5989777777777778 0.09663999999999998 0.4735111111111112
0 0.14664 0.5081444444444445 0.0835569230769231 0.457188888888889
0 0.10676923076923077 0.22942222222222225 0.09243076923076922 0.2464
0 0.6771323076923076 0.23407777777777777 0.09345846153846148 0.16238888888888892