0 0.33801846153846155 0.7576777777777778 0.1105846153846154 0.4846444444444445
0 0.08791384615384616 0.4100111111111111 0.09947076923076922 0.4987777777777778
0 0.57056 0.681188888888889 0.09758769230769226 0.6030111111111112
0 0.4492369230769231 0.16485555555555556 0.06576615384615378 0.3297111111111111
0 0.38294769230769227 0.19507777777777777 0.0673107692307693 0.3725
0 0.7194707692307692 0.718288888888889 0.092683076923077 0.5253333333333333
0 0.8004184615384615 0.6836111111111111 0.07594461538461529 0.5494333333333333
0 0.3146892307692308 0.2119 0.05935384615384618 0.4238
0 0.9009476923076923 0.7339666666666668 0.10294153846153858 0.5248222222222221
0 0.5183323076923076 0.40991111111111106 0.06879384615384614 0.40114444444444436
0 0.9215015384615385 0.3972333333333333 0.09727384615384625 0.34468888888888893
0 0.6182646153846154 0.32632222222222224 0.08157538461538465 0.2695444444444445
0 0.2701107692307692 0.17653333333333332 0.06710769230769228 0.3521777777777778