0 0.5466830769230769 0.7052999999999999 0.1200615384615384 0.5894
0 0.11675692307692306 0.5927777777777777 0.0960246153846154 0.4521666666666667
0 0.29851692307692307 0.5689888888888889 0.11744615384615387 0.5433888888888888
0 0.6553169230769231 0.8842111111111111 0.11407384615384608 0.22421111111111108
0 0.7596123076923076 0.7309 0.08823999999999992 0.5381888888888888
0 0.3805476923076923 0.4754333333333333 0.10426461538461543 0.42124444444444453
0 0.2196123076923077 0.25029999999999997 0.06603692307692305 0.4014111111111111
0 0.12055384615384614 0.2609888888888889 0.08060923076923075 0.3539777777777777
0 0.34955692307692304 0.23343333333333338 0.06355076923076922 0.3522
0 0.5111323076923077 0.18186666666666668 0.06915076923076931 0.3557333333333333
0 0.8484246153846154 0.42391111111111107 0.09143384615384612 0.4442666666666666
0 0.74432 0.27343333333333336 0.0850707692307691 0.32553333333333334