0 0.09695384615384615 0.8777333333333334 0.17558769230769233 0.24212222222222232
0 0.2368553846153846 0.8924666666666667 0.12016615384615384 0.21059999999999995
0 0.5846276923076923 0.6976888888888888 0.1046338461538462 0.5986666666666666
0 0.3613169230769231 0.20435555555555554 0.0668184615384615 0.3766222222222222
0 0.24034461538461538 0.21417777777777777 0.0574523076923077 0.38648888888888877
0 0.3577107692307692 0.8989555555555555 0.13521846153846154 0.1959555555555557
0 0.6923815384615384 0.7334222222222223 0.0858092307692308 0.5211666666666667
0 0.4563630769230769 0.7754111111111112 0.1175938461538461 0.4460222222222223
0 0.5116123076923077 0.1885222222222222 0.05653538461538469 0.34045555555555557
0 0.2999753846153846 0.2295222222222222 0.0711138461538462 0.38128888888888884
0 0.77736 0.7112111111111111 0.07465846153846165 0.5645222222222221
0 0.980036923076923 0.6438333333333334 0.03992615384615392 0.27932222222222214
0 0.9164553846153847 0.5701555555555555 0.10933538461538465 0.43275555555555556
0 0.8881476923076923 0.2614333333333333 0.0871876923076922 0.33531111111111106
0 0.9421784615384615 0.2954333333333333 0.05985846153846153 0.2388666666666667
0 0.642996923076923 0.3667777777777778 0.10889230769230765 0.2882222222222222