0 0.38881846153846156 0.5651555555555555 0.07953846153846154 0.46069999999999994
0 0.5259507692307692 0.3418111111111111 0.07362461538461544 0.40756666666666663
0 0.9613169230769232 0.39435555555555557 0.0699446153846153 0.4832666666666666
0 0.45047384615384617 0.48014444444444443 0.06865230769230767 0.39949999999999997
0 0.7135323076923077 0.7490888888888888 0.08663999999999998 0.5018111111111111
0 0.8605661538461539 0.7239555555555555 0.09166769230769233 0.552088888888889
0 0.3943384615384615 0.17486666666666667 0.06099692307692301 0.3214333333333333
0 0.32283076923076925 0.22354444444444443 0.06812307692307695 0.3713666666666667
0 0.6066523076923077 0.6921666666666667 0.09294769230769229 0.5908111111111112
0 0.2686153846153846 0.2111111111111111 0.05190153846153848 0.3742666666666666
0 0.028535384615384615 0.6045222222222223 0.05706461538461539 0.5343555555555556