0 0.7674215384615384 0.1556444444444445 0.0785661538461539 0.31053333333333333
0 0.44246153846153846 0.18222222222222223 0.06523076923076923 0.36444444444444446
0 0.8979384615384616 0.6333444444444445 0.0750646153846154 0.5630111111111111
0 0.7568984615384615 0.6890333333333333 0.08972923076923074 0.5204777777777778
0 0.1630523076923077 0.18966666666666665 0.07214769230769232 0.29981111111111114
0 0.34763076923076924 0.8674888888888889 0.11548923076923077 0.2623222222222221
0 0.4367015384615385 0.7641777777777777 0.10141538461538459 0.47163333333333335
0 0.21510153846153848 0.8625555555555555 0.12059692307692309 0.26854444444444453
0 0.27625846153846156 0.594388888888889 0.09418461538461542 0.5123333333333333
0 0.5673107692307692 0.8115222222222223 0.10275076923076924 0.37326666666666675
0 0.6407815384615384 0.5946111111111111 0.11923076923076924 0.5261111111111111