0 0.8305415384615386 0.1621222222222222 0.07460307692307694 0.32224444444444444
0 0.44184615384615383 0.18888888888888888 0.06523076923076923 0.37777777777777777
0 0.90056 0.6471777777777779 0.07723692307692322 0.5551666666666667
0 0.7208492307692308 0.8626999999999999 0.09126769230769227 0.2746000000000001
0 0.28 0.8267777777777778 0.10040000000000002 0.3464444444444444
0 0.6438584615384615 0.6304 0.09338461538461539 0.5932444444444442
0 0.49248615384615385 0.7493 0.10079384615384614 0.4621444444444445
0 0.4051138461538461 0.8280000000000001 0.1081907692307692 0.3439999999999999
0 0.3316430769230769 0.4841444444444445 0.11140307692307691 0.4162777777777778
0 0.22727999999999998 0.6379444444444444 0.08976 0.4927888888888889
0 0.19784615384615384 0.15555555555555556 0.07323076923076922 0.3111111111111111
0 0.34308923076923076 0.20652222222222222 0.0727569230769231 0.18550000000000003
0 0.1635323076923077 0.5110333333333333 0.08534153846153848 0.4300666666666667
0 0.2605107692307692 0.38122222222222224 0.06268307692307692 0.2771222222222222