0 0.4513415384615384 0.3679777777777778 0.07863999999999997 0.4056444444444445
0 0.5998830769230769 0.6864666666666667 0.10730461538461532 0.6208111111111111
0 0.7058646153846153 0.7386555555555555 0.0904923076923078 0.5226777777777779
0 0.9217723076923078 0.5641666666666667 0.10719384615384618 0.5195333333333333
0 0.37504615384615386 0.19569999999999999 0.05382153846153848 0.3747777777777777
0 0.3205230769230769 0.23866666666666667 0.05979692307692309 0.3640777777777777
0 0.24731076923076922 0.2243222222222222 0.06136615384615386 0.39224444444444445
0 0.7795015384615385 0.6856555555555556 0.0774338461538461 0.5209333333333332
0 0.3322584615384615 0.7172888888888889 0.09047999999999998 0.41591111111111106
0 0.39821538461538464 0.8257777777777778 0.13379076923076927 0.34844444444444433
0 0.4452307692307692 0.7415111111111111 0.11458461538461541 0.3532333333333334
0 0.8250461538461539 0.5626111111111112 0.07913230769230778 0.5332111111111112
0 0.5551876923076923 0.17253333333333332 0.0637230769230769 0.33528888888888886
0 0.4961169230769231 0.17986666666666667 0.07358769230769226 0.35973333333333335