0 0.597476923076923 0.6884333333333333 0.10103999999999996 0.6025111111111111
0 0.710443076923077 0.7435444444444445 0.07545230769230778 0.5129111111111111
0 0.8884923076923077 0.6677222222222223 0.09902769230769236 0.5722111111111111
0 0.24076923076923076 0.2294666666666667 0.05680615384615381 0.3731777777777778
0 0.4465230769230769 0.3048 0.07436923076923072 0.37947777777777775
0 0.37641846153846154 0.19376666666666664 0.07036923076923071 0.37436666666666674
0 0.3922092307692308 0.7853555555555556 0.07862153846153845 0.4292888888888888
0 0.3187384615384616 0.24323333333333333 0.07918153846153847 0.3534333333333333
0 0.7838892307692308 0.6962222222222223 0.0760615384615384 0.5249666666666667
0 0.3370523076923077 0.6450555555555555 0.11238769230769234 0.4358888888888888
0 0.44695384615384615 0.7339666666666668 0.09341538461538458 0.5070333333333332