0 0.8979138461538461 0.6267444444444445 0.09281230769230779 0.5423555555555556
0 0.4463323076923077 0.18306666666666666 0.06716307692307698 0.36612222222222224
0 0.26597538461538456 0.7348 0.11367999999999998 0.524811111111111
0 0.6456553846153846 0.6348555555555555 0.1104369230769231 0.5932444444444442
0 0.79392 0.893511111111111 0.09113230769230778 0.2078555555555555
0 0.7589046153846154 0.6589444444444444 0.09415999999999985 0.4722444444444444
0 0.3784246153846154 0.20306666666666665 0.06427076923076927 0.3738333333333334
0 0.4542523076923077 0.7246888888888889 0.09229538461538463 0.5029111111111111
0 0.36728000000000005 0.7144 0.07929230769230763 0.46791111111111106
0 0.17148923076923078 0.7991111111111112 0.12833846153846157 0.4017777777777777
0 0.16066461538461538 0.4334555555555556 0.09683692307692308 0.2971333333333334
0 0.26439999999999997 0.39212222222222226 0.09015999999999999 0.2944555555555555
0 0.5431261538461539 0.6170555555555556 0.08390769230769225 0.44210000000000005