0 0.38041230769230766 0.2734 0.10001230769230768 0.4771333333333333
0 0.9199138461538461 0.6627 0.11136000000000003 0.5662333333333333
0 0.4773661538461539 0.6797888888888888 0.09594461538461543 0.6068555555555556
0 0.44390769230769234 0.1305888888888889 0.08156923076923074 0.2579333333333333
0 0.6631076923076923 0.6257333333333333 0.08055999999999998 0.5246333333333334
0 0.7856061538461537 0.7274111111111111 0.09121846153846155 0.5103444444444444
0 0.5671200000000001 0.6188222222222223 0.09727384615384611 0.5203666666666665
0 0.96168 0.13906666666666667 0.07663384615384627 0.27240000000000003
0 0.12092307692307692 0.7811111111111111 0.09415384615384616 0.43777777777777777
0 0.03046153846153846 0.7394444444444445 0.06092307692307692 0.5144444444444445
0 0.08593846153846155 0.4193222222222222 0.12976615384615384 0.4360777777777778