0 0.4753846153846154 0.44722222222222224 0.047692307692307694 0.5222222222222223
0 0.4369230769230769 0.3638888888888889 0.047692307692307694 0.46111111111111114
0 0.33076923076923076 0.4847222222222222 0.04 0.275
0 0.39807692307692305 0.7819444444444444 0.05615384615384615 0.4027777777777778
0 0.34192307692307694 0.7402777777777778 0.06076923076923077 0.38055555555555554
0 0.25384615384615383 0.6666666666666666 0.04461538461538461 0.5722222222222222
0 0.2853846153846154 0.5847222222222223 0.047692307692307694 0.4861111111111111
0 0.14961538461538462 0.8402777777777778 0.07769230769230769 0.3194444444444444
0 0.09538461538461539 0.4847222222222222 0.05846153846153846 0.525
0 0.028846153846153848 0.25277777777777777 0.05 0.42777777777777776
0 0.1819230769230769 0.18333333333333332 0.03461538461538462 0.3388888888888889
0 0.14653846153846153 0.175 0.031538461538461536 0.35
0 0.2996153846153846 0.12083333333333333 0.04230769230769231 0.24166666666666667
0 0.9719230769230769 0.7125 0.05615384615384615 0.5194444444444445