0 0.23654153846153847 0.7429444444444444 0.11773538461538458 0.5089666666666666
0 0.06558153846153846 0.8538333333333333 0.1311630769230769 0.28964444444444454
0 0.7610707692307692 0.6703111111111111 0.08656615384615389 0.5072
0 0.6414276923076923 0.6353888888888889 0.09085538461538453 0.591777777777778
0 0.9398646153846154 0.8641222222222222 0.10895384615384626 0.2699222222222223
0 0.8996184615384616 0.6118888888888889 0.07372307692307703 0.5340333333333334
0 0.48300923076923075 0.7177444444444445 0.09763692307692312 0.5514111111111111
0 0.4401476923076923 0.17787777777777777 0.0624369230769231 0.34867777777777775
0 0.5551753846153846 0.10357777777777778 0.05358769230769226 0.20715555555555556
0 0.48568 0.09774444444444444 0.05551384615384618 0.19548888888888888
0 0.2724 0.42758888888888885 0.08080615384615382 0.3693777777777777
0 0.37035076923076926 0.19923333333333335 0.06616 0.37494444444444436
0 0.3783815384615385 0.7703777777777778 0.10359999999999994 0.45423333333333327
0 0.05197538461538462 0.1812777777777778 0.07042461538461539 0.30962222222222224