0 0.4823076923076923 0.478011111111111 0.11454153846153853 0.49725555555555545
0 0.24427692307692306 0.7442888888888889 0.14121230769230772 0.5056777777777778
0 0.060941538461538464 0.9134666666666666 0.12187692307692308 0.17306666666666665
0 0.8509107692307692 0.5751888888888889 0.11075076923076911 0.5057777777777779
0 0.3835507692307692 0.7393666666666666 0.11297846153846149 0.5124777777777778
0 0.7325353846153846 0.5060444444444444 0.10640000000000005 0.5682444444444444
0 0.5771876923076923 0.18386666666666665 0.08661538461538462 0.3677333333333333
0 0.2747876923076923 0.15454444444444446 0.0753353846153846 0.3090777777777778
0 0.34468923076923075 0.15756666666666666 0.0761907692307692 0.3151333333333333
0 0.9526153846153846 0.5416666666666666 0.09476923076923077 0.5366666666666666
0 0.7964615384615384 0.46992222222222224 0.09336000000000003 0.4767333333333334