0 0.1627323076923077 0.562 0.10322461538461539 0.4759555555555556
0 0.24888615384615384 0.4906888888888889 0.0945784615384615 0.42525555555555555
0 0.5538153846153846 0.2679 0.0861169230769231 0.4285111111111112
0 0.44332307692307693 0.1831777777777778 0.07321230769230772 0.3663555555555556
0 0.785163076923077 0.6922777777777778 0.08457230769230759 0.5242888888888889
0 0.7243446153846154 0.5689888888888889 0.08763076923076929 0.4584999999999999
0 0.5825661538461538 0.7562222222222222 0.08018461538461535 0.48267777777777787
0 0.6445846153846154 0.6203333333333333 0.08332307692307699 0.5655222222222223
0 0.9120676923076922 0.6136222222222222 0.07497230769230764 0.5460111111111112
0 0.37755076923076925 0.2036222222222222 0.07461538461538461 0.3835111111111112
0 0.4957907692307692 0.7834111111111112 0.09681846153846149 0.43316666666666676
0 0.14124307692307692 0.14173333333333332 0.0660246153846154 0.28346666666666664
0 0.05954461538461539 0.13874444444444445 0.06652923076923076 0.2774666666666667
0 0.8552861538461538 0.5526 0.06275076923076911 0.4717444444444445
0 0.043889230769230764 0.6584333333333333 0.08411076923076924 0.6143222222222223