0 0.14188923076923077 0.8166444444444445 0.15972307692307697 0.36671111111111104
0 0.58872 0.711488888888889 0.10502153846153851 0.5707888888888889
0 0.4311076923076923 0.3165777777777778 0.08339692307692306 0.41853333333333326
0 0.7889661538461538 0.7235444444444445 0.07144615384615378 0.5380222222222223
0 0.35539076923076923 0.24102222222222222 0.06863999999999998 0.3868666666666667
0 0.2938523076923077 0.2756777777777778 0.06921230769230771 0.38332222222222223
0 0.23511384615384615 0.25455555555555553 0.06003692307692311 0.3984222222222222
0 0.6936246153846154 0.24663333333333337 0.07614769230769218 0.3702666666666667
0 0.6946892307692307 0.7702222222222223 0.10395692307692297 0.4595555555555555
0 0.7282892307692308 0.6708444444444445 0.06038769230769238 0.5052444444444445
0 0.07529230769230769 0.1859 0.08855384615384618 0.3718