0 0.3982769230769231 0.24102222222222217 0.09435692307692303 0.4572333333333333
0 0.4823692307692308 0.684288888888889 0.09732923076923082 0.6093666666666667
0 0.7858153846153847 0.7260222222222221 0.09034461538461536 0.5323888888888888
0 0.9463815384615384 0.6914111111111111 0.10371692307692305 0.5717777777777777
0 0.6670892307692308 0.6275666666666666 0.08617230769230774 0.5216222222222222
0 0.45678153846153846 0.12578888888888887 0.08146461538461545 0.24651111111111113
0 0.5697292307692308 0.6210777777777778 0.10225230769230774 0.5208444444444444
0 0.9663076923076923 0.13581111111111113 0.0673784615384614 0.27
0 0.030356923076923076 0.770788888888889 0.06071384615384615 0.4502777777777778
0 0.11123076923076923 0.5597 0.10134769230769232 0.3114
0 0.09043076923076922 0.3841111111111111 0.11144615384615386 0.3068999999999999
0 0.13202461538461538 0.8064111111111111 0.12078769230769233 0.3692666666666666