0 0.42883692307692306 0.46648888888888884 0.07731076923076916 0.4909777777777778
0 0.6476615384615385 0.6148666666666667 0.10968000000000001 0.5732444444444442
0 0.5168061538461538 0.12063333333333333 0.07198769230769232 0.2306888888888889
0 0.7677353846153846 0.6722666666666667 0.09346461538461545 0.4942
0 0.5298707692307693 0.46122222222222226 0.07418461538461536 0.4159777777777777
0 0.26508923076923074 0.4680111111111111 0.0619692307692308 0.39153333333333334
0 0.34618461538461537 0.47761111111111115 0.07358153846153842 0.44098888888888893
0 0.1475076923076923 0.5074444444444445 0.0769723076923077 0.4315111111111111
0 0.8976738461538462 0.6199888888888889 0.08406153846153841 0.514588888888889
0 0.22623384615384615 0.5141777777777777 0.057280000000000025 0.2747
0 0.06382153846153844 0.5908888888888888 0.07138461538461538 0.4580666666666667
0 0.8465784615384616 0.5649111111111111 0.06508923076923076 0.4600777777777778
0 0.57648 0.3791333333333334 0.06076923076923077 0.38914444444444446
0 0.7095384615384616 0.5557777777777778 0.07958153846153856 0.4581555555555556
0 0.32979692307692304 0.14252222222222224 0.0658707692307692 0.2850444444444445
0 0.436 0.1511111111111111 0.06215384615384616 0.3022222222222222
0 0.11467692307692305 0.1972 0.09839384615384612 0.26461111111111113