0 0.9436246153846154 0.7561222222222223 0.10452307692307687 0.48547777777777784
0 0.6039015384615384 0.6831222222222222 0.0981415384615384 0.5984222222222222
0 0.8303261538461538 0.7055666666666667 0.09190769230769225 0.542911111111111
0 0.7143876923076924 0.7428888888888889 0.09764923076923067 0.5077555555555556
0 0.3180492307692308 0.2322 0.0743384615384615 0.38534444444444443
0 0.38817846153846153 0.20173333333333335 0.06477538461538461 0.3569555555555555
0 0.2559446153846154 0.21416666666666667 0.06455384615384614 0.38297777777777786
0 0.4498215384615385 0.2432222222222222 0.07016615384615384 0.35058888888888884
0 0.40022153846153846 0.6974444444444445 0.11851076923076918 0.4988222222222223
0 0.4518153846153846 0.6157222222222222 0.07360615384615378 0.4661111111111111
0 0.3533723076923077 0.4681222222222222 0.10316923076923079 0.27758888888888894
0 0.5727815384615385 0.2669888888888889 0.061993846153846156 0.3597666666666667