0 0.05747076923076923 0.7402555555555556 0.11493538461538462 0.5194888888888889
0 0.5144861538461538 0.6932 0.11369846153846153 0.5350555555555555
0 0.35944000000000004 0.46807777777777776 0.0968061538461538 0.4802777777777778
0 0.25097230769230766 0.49402222222222225 0.1163076923076923 0.4987666666666667
0 0.8493907692307692 0.5792555555555556 0.11977230769230776 0.5122222222222222
0 0.7357107692307692 0.500788888888889 0.12746461538461545 0.5747444444444444
0 0.9336 0.5330222222222223 0.12301538461538467 0.5451222222222223
0 0.5902276923076923 0.5563333333333333 0.10531076923076915 0.5101111111111112
0 0.5459015384615384 0.26076666666666665 0.09438153846153853 0.29397777777777784
0 0.6514892307692308 0.3005555555555556 0.08403076923076927 0.4313333333333334
0 0.7959692307692308 0.46725555555555554 0.09237538461538469 0.48917777777777777