0 0.6003630769230769 0.6854333333333333 0.11135384615384618 0.6179333333333334
0 0.7055384615384616 0.7416666666666667 0.08923076923076922 0.5166666666666667
0 0.37694769230769226 0.19771111111111112 0.06198769230769232 0.3878333333333334
0 0.24272000000000002 0.2227 0.05712000000000003 0.37866666666666676
0 0.9514092307692308 0.6268111111111111 0.08606153846153841 0.5320555555555556
0 0.44806153846153846 0.32082222222222223 0.07436923076923072 0.3676777777777779
0 0.3214646153846154 0.23515555555555553 0.07288000000000004 0.37156666666666677
0 0.8686646153846154 0.6413666666666666 0.11126769230769228 0.5746444444444443
0 0.3166953846153846 0.6503888888888889 0.12336615384615386 0.3754333333333334
0 0.43704615384615386 0.7446333333333333 0.10314461538461546 0.4750333333333333
0 0.3937292307692307 0.7828555555555556 0.12481230769230765 0.3914777777777777
0 0.5558030769230768 0.20786666666666664 0.062492307692307666 0.35707777777777777
0 0.48836307692307696 0.2014333333333333 0.07531692307692314 0.40196666666666664