0 0.58416 0.21802222222222223 0.08076923076923077 0.42714444444444444
0 0.26676307692307694 0.49081111111111114 0.08163076923076922 0.43921111111111105
0 0.7386830769230769 0.5674666666666667 0.08442461538461542 0.46037777777777766
0 0.4631076923076923 0.18244444444444444 0.063003076923077 0.3648888888888889
0 0.5619692307692308 0.7347111111111111 0.0875938461538461 0.500311111111111
0 0.8026707692307692 0.6882333333333333 0.09153230769230784 0.5324222222222222
0 0.16712615384615384 0.1405 0.06339692307692306 0.2773888888888889
0 0.19016615384615385 0.5549444444444445 0.09160000000000001 0.4764444444444445
0 0.9283384615384616 0.6258111111111111 0.08076307692307706 0.5583666666666667
0 0.6638646153846154 0.6381666666666667 0.09064615384615389 0.5796777777777778
0 0.4841969230769231 0.7557333333333333 0.10685538461538467 0.48853333333333343
0 0.8712061538461539 0.5702444444444444 0.06565538461538464 0.4745222222222222
0 0.3902092307692308 0.20475555555555555 0.06743384615384611 0.4027222222222222
0 0.031058461538461538 0.828288888888889 0.062116923076923077 0.34341111111111106