0 0.2711692307692308 0.31285555555555555 0.0868246153846154 0.3688777777777778
0 0.6625415384615385 0.6201222222222222 0.1334830769230769 0.5899000000000001
0 0.9050276923076923 0.6286222222222222 0.08790153846153854 0.5373888888888889
0 0.7621784615384615 0.6735333333333333 0.09720615384615387 0.5143555555555557
0 0.45358769230769236 0.17845555555555556 0.06472000000000004 0.3560666666666667
0 0.52872 0.43696666666666667 0.08195076923076927 0.38814444444444435
0 0.16596307692307694 0.3710333333333333 0.09569230769230769 0.4335
0 0.5872984615384615 0.3685888888888889 0.07604307692307688 0.37722222222222224
0 0.12364923076923078 0.10917777777777779 0.06308307692307692 0.21835555555555558
0 0.8596923076923076 0.1288888888888889 0.07138461538461538 0.2577777777777778
0 0.038867692307692304 0.4639111111111111 0.0747753846153846 0.4247222222222222
0 0.05068307692307692 0.2336444444444444 0.07871384615384615 0.2308444444444444