0 0.2880861538461538 0.9050111111111111 0.12915692307692303 0.18677777777777768
0 0.756763076923077 0.6671111111111111 0.08722461538461553 0.5064333333333333
0 0.31011692307692307 0.5870555555555556 0.11237538461538463 0.5669222222222222
0 0.04992615384615384 0.7250777777777778 0.09980307692307692 0.5398333333333334
0 0.6413538461538462 0.6406 0.09852307692307687 0.5687555555555556
0 0.4389230769230769 0.17136666666666667 0.06302153846153852 0.3427222222222222
0 0.5085169230769231 0.1617888888888889 0.06318769230769235 0.3235666666666667
0 0.43723076923076926 0.8388888888888889 0.14092307692307693 0.32222222222222224
0 0.36864615384615385 0.19422222222222224 0.06886153846153852 0.3706888888888889
0 0.8955753846153846 0.5965222222222222 0.07197538461538464 0.5028
0 0.5720061538461538 0.40734444444444445 0.07118769230769234 0.4042555555555555
0 0.9172369230769231 0.8553 0.09294153846153859 0.2869111111111111
0 0.6982707692307693 0.5594444444444444 0.08379692307692312 0.45586666666666664
0 0.5631384615384616 0.14154444444444442 0.06963076923076929 0.2790222222222222