0 0.34217846153846154 0.24667777777777777 0.06548307692307694 0.3893777777777778
0 0.5658707692307692 0.7185222222222222 0.1028738461538462 0.544611111111111
0 0.6717846153846154 0.7685 0.08443076923076918 0.4488222222222223
0 0.8552123076923077 0.46416666666666667 0.08403692307692304 0.46567777777777786
0 0.22256 0.26193333333333335 0.05801230769230768 0.39483333333333337
0 0.05815384615384615 0.12611111111111112 0.06461538461538462 0.25222222222222224
0 0.7651199999999999 0.7519555555555556 0.07148307692307683 0.47797777777777783
0 0.10511999999999999 0.9467777777777778 0.1848369230769231 0.1064444444444444
0 0.9803876923076924 0.5207666666666666 0.03865230769230766 0.29832222222222216
0 0.5199323076923077 0.30900000000000005 0.0793723076923077 0.40377777777777774
0 0.7332061538461538 0.3427777777777778 0.07023384615384622 0.3646777777777778
0 0.48486153846153845 0.20675555555555553 0.07076307692307693 0.3593