0 0.07217230769230769 0.8351222222222222 0.13329230769230768 0.3284222222222221
0 0.16646153846153847 0.8283333333333334 0.15076923076923077 0.3433333333333333
0 0.4196492307692307 0.6996111111111111 0.09536000000000003 0.5259666666666667
0 0.5677846153846153 0.1943666666666667 0.07058461538461541 0.3823666666666667
0 0.7163138461538462 0.7250888888888889 0.0999938461538463 0.5400666666666666
0 0.6119753846153846 0.6952222222222223 0.10092923076923084 0.6095555555555554
0 0.7920369230769231 0.6809 0.08998153846153834 0.5328333333333333
0 0.3752861538461539 0.1963666666666667 0.06411692307692311 0.36558888888888885
0 0.9193107692307693 0.5003777777777777 0.07883076923076918 0.5314888888888889
0 0.629236923076923 0.19614444444444445 0.06335384615384611 0.3707666666666667
0 0.2699876923076923 0.1789777777777778 0.059476923076923066 0.3579555555555556