0 0.7593969230769231 0.6606777777777778 0.08836307692307702 0.5112222222222224
0 0.2323076923076923 0.7272222222222222 0.104 0.5455555555555556
0 0.6454092307692307 0.637411111111111 0.09302153846153845 0.5745555555555557
0 0.43840615384615383 0.1718 0.06282461538461534 0.3397666666666666
0 0.051304615384615386 0.8324111111111111 0.10260307692307694 0.33517777777777785
0 0.8964430769230769 0.6030000000000001 0.07579692307692312 0.5330555555555555
0 0.48798769230769234 0.11196666666666666 0.051347692307692344 0.22072222222222224
0 0.48123076923076924 0.7374333333333334 0.12404923076923073 0.5175333333333333
0 0.9401415384615385 0.862588888888889 0.09713846153846148 0.2724444444444445
0 0.36905846153846156 0.1964 0.06635692307692304 0.37171111111111105
0 0.5553846153846154 0.10555555555555556 0.05353846153846154 0.2111111111111111
0 0.055846153846153844 0.1568 0.0750646153846154 0.29844444444444446
0 0.1963076923076923 0.07166666666666667 0.04923076923076923 0.14333333333333334
0 0.35539076923076923 0.7957777777777778 0.11705846153846156 0.40844444444444433
0 0.26334153846153846 0.38856666666666667 0.09049230769230773 0.30512222222222224
0 0.13251692307692306 0.49192222222222226 0.09223999999999997 0.4540666666666668
0 0.05169230769230769 0.6166666666666667 0.10338461538461538 0.29555555555555557