0 0.7514584615384615 0.6775111111111111 0.0926892307692307 0.5243333333333333
0 0.5104861538461538 0.7341000000000001 0.10187076923076921 0.5261666666666667
0 0.6167261538461538 0.6368444444444444 0.10737846153846155 0.6105555555555555
0 0.5031323076923077 0.17375555555555555 0.06548923076923081 0.3475111111111111
0 0.04549538461538462 0.12534444444444445 0.06756307692307693 0.24437777777777778
0 0.8909230769230769 0.6134666666666667 0.07677538461538475 0.5553444444444444
0 0.4324 0.17997777777777776 0.06476923076923077 0.3543555555555556
0 0.2526646153846154 0.4863444444444444 0.08096000000000003 0.4656111111111112
0 0.5737907692307692 0.17223333333333332 0.0750953846153846 0.34276666666666666
0 0.12088615384615385 0.5356666666666667 0.08742153846153848 0.4331444444444444
0 0.21747076923076922 0.5851222222222222 0.07515076923076923 0.29435555555555565
0 0.36195692307692306 0.2037 0.06839384615384622 0.3829