0 0.4476615384615385 0.18733333333333332 0.06894153846153844 0.37466666666666665
0 0.9014830769230769 0.6324555555555555 0.09248615384615383 0.5449111111111112
0 0.2690646153846154 0.7217888888888889 0.10847999999999998 0.5521222222222223
0 0.6486215384615385 0.6101222222222222 0.10661538461538461 0.5404777777777778
0 0.88664 0.14415555555555556 0.08745846153846147 0.2838444444444445
0 0.7729415384615385 0.8923555555555556 0.10252307692307687 0.20987777777777789
0 0.7598707692307692 0.6322 0.09114461538461546 0.42864444444444444
0 0.45321846153846157 0.7431888888888889 0.08452307692307687 0.48587777777777774
0 0.5397046153846153 0.6795666666666667 0.09301538461538467 0.5199000000000001
0 0.03491692307692308 0.7733888888888888 0.06830153846153846 0.43806666666666666
0 0.3787384615384616 0.2091333333333333 0.06802461538461536 0.37708888888888886
0 0.15762461538461536 0.4788 0.0833723076923077 0.35226666666666673
0 0.16894769230769233 0.7846666666666667 0.10601846153846152 0.4306666666666666
0 0.26444923076923077 0.1623 0.08039999999999999 0.21704444444444448
0 0.2681415384615385 0.39011111111111113 0.08286153846153844 0.2771222222222222