0 0.1890030769230769 0.5473111111111111 0.09769230769230769 0.4863888888888888
0 0.2611446153846154 0.4845555555555556 0.07871384615384613 0.4622666666666666
0 0.45980307692307687 0.17555555555555555 0.06631999999999999 0.3511111111111111
0 0.5779753846153847 0.20825555555555555 0.08038769230769237 0.41650000000000004
0 0.7361415384615385 0.5576666666666666 0.0848738461538462 0.466288888888889
0 0.7987384615384616 0.6773333333333333 0.08460307692307693 0.5247333333333333
0 0.16467692307692308 0.13554444444444444 0.06212923076923078 0.2710888888888889
0 0.3878830769230769 0.20082222222222224 0.07257846153846158 0.40164444444444447
0 0.5428369230769231 0.6942555555555556 0.09603692307692305 0.5311
0 0.8657292307692307 0.5643111111111111 0.06529846153846161 0.44912222222222226
0 0.6601476923076923 0.6134555555555555 0.08332923076923075 0.5923666666666665
0 0.9247753846153846 0.6162222222222222 0.07654769230769223 0.5592111111111111
0 0.46233230769230765 0.7078222222222221 0.10070153846153838 0.5184
0 0.036443076923076925 0.5946 0.07126153846153847 0.5538000000000001