0 0.6111753846153846 0.6922777777777778 0.10596307692307688 0.6071444444444443
0 0.30338461538461536 0.8083333333333333 0.11815384615384615 0.38333333333333336
0 0.5037907692307693 0.6892111111111111 0.08954461538461538 0.5146666666666667
0 0.4192615384615384 0.7165666666666667 0.08829538461538462 0.5308444444444445
0 0.3156676923076923 0.4229222222222222 0.08574153846153845 0.397111111111111
0 0.8449415384615384 0.3569333333333333 0.08713846153846148 0.4183222222222222
0 0.7233353846153847 0.7176444444444444 0.09328615384615394 0.5393888888888889
0 0.8155507692307692 0.6787333333333333 0.07569846153846167 0.5254444444444444
0 0.06439384615384616 0.6879333333333333 0.10104 0.6136888888888888
0 0.15209846153846154 0.5156888888888889 0.0799446153846154 0.35915555555555556
0 0.9782953846153847 0.7852222222222223 0.043403076923077044 0.4194555555555555