0 0.6418584615384615 0.6154555555555555 0.11422153846153854 0.5835555555555556
0 0.4632923076923077 0.529988888888889 0.08531076923076916 0.44925555555555546
0 0.34978461538461536 0.5800444444444444 0.1054769230769231 0.5445111111111111
0 0.2536553846153846 0.5943111111111111 0.09839384615384615 0.4785333333333334
0 0.7665723076923078 0.6730111111111111 0.0921353846153845 0.5046333333333334
0 0.4403076923076923 0.16555555555555557 0.0683076923076923 0.33111111111111113
0 0.5483323076923077 0.17727777777777778 0.08110153846153843 0.34897777777777783
0 0.8953661538461538 0.6232777777777778 0.08217846153846152 0.5479777777777779
0 0.8455630769230769 0.5667 0.062049230769230725 0.45038888888888884
0 0.7067569230769231 0.5575555555555556 0.08345846153846147 0.4683222222222223
0 0.15147076923076921 0.5136999999999999 0.08583384615384616 0.4354