0 0.2688 0.21195555555555554 0.0630953846153846 0.38383333333333336
0 0.6022030769230768 0.6956111111111111 0.10625846153846151 0.6087666666666666
0 0.7153353846153847 0.7495777777777778 0.08009230769230775 0.5008444444444444
0 0.48577846153846155 0.5065555555555555 0.07707692307692307 0.4713888888888889
0 0.8576307692307693 0.7235222222222222 0.07537846153846141 0.5528222222222222
0 0.8164 0.4281333333333333 0.07907692307692307 0.48205555555555557
0 0.9507876923076923 0.45836666666666664 0.08201230769230768 0.4713888888888889
0 0.7541292307692308 0.6459444444444444 0.05791999999999993 0.508788888888889
0 0.6480430769230768 0.6148333333333333 0.08698461538461533 0.46433333333333326
0 0.549963076923077 0.5152666666666667 0.08428923076923078 0.4785222222222223
0 0.4223446153846154 0.37189999999999995 0.06388307692307689 0.40957777777777776
0 0.38899076923076925 0.19697777777777775 0.06364307692307697 0.37529999999999997
0 0.32278153846153845 0.2272111111111111 0.07399384615384616 0.3646444444444445