0 0.814923076923077 0.8966111111111111 0.11336000000000002 0.20677777777777767
0 0.8892861538461538 0.13168888888888888 0.08709538461538474 0.26337777777777777
0 0.5369292307692307 0.19755555555555557 0.07987692307692305 0.39510000000000006
0 0.7755630769230769 0.6626333333333333 0.09218461538461549 0.4831777777777777
0 0.45984 0.18166666666666667 0.06948307692307697 0.36333333333333334
0 0.2865969230769231 0.2077111111111111 0.06639384615384618 0.37766666666666665
0 0.9093169230769231 0.6178333333333332 0.09035076923076933 0.4825777777777777
0 0.6688430769230769 0.5855 0.10642461538461542 0.6012333333333335
0 0.6164184615384616 0.21965555555555555 0.05572923076923081 0.3406333333333334
0 0.39329846153846154 0.19319999999999998 0.08456615384615389 0.3828555555555555
0 0.18396307692307692 0.19897777777777775 0.10158153846153847 0.35707777777777777