0 0.26352000000000003 0.46684444444444445 0.07878153846153844 0.40148888888888895
0 0.44606769230769233 0.4297777777777777 0.09113230769230764 0.4705333333333333
0 0.5418892307692308 0.44168888888888885 0.08302769230769236 0.41576666666666673
0 0.8934646153846154 0.6181222222222221 0.0773107692307693 0.5247666666666666
0 0.7644246153846154 0.6687111111111111 0.08865230769230766 0.5106555555555554
0 0.6445353846153845 0.6091111111111112 0.10778461538461544 0.5786444444444444
0 0.07463384615384615 0.6754777777777777 0.11850461538461537 0.5135333333333334
0 0.36208 0.4318222222222222 0.08374769230769226 0.41903333333333326
0 0.8449353846153846 0.5562888888888889 0.06485538461538454 0.4664444444444445
0 0.4900307692307692 0.2249888888888889 0.06633230769230768 0.4224222222222223
0 0.10519999999999999 0.23587777777777774 0.10159384615384617 0.31529999999999997