0 0.3280769230769231 0.2625 0.040769230769230766 0.38055555555555554
0 0.16 0.6902777777777778 0.05384615384615385 0.4861111111111111
0 0.1 0.7361111111111112 0.06307692307692307 0.46111111111111114
0 0.24192307692307694 0.8319444444444445 0.06538461538461539 0.33611111111111114
0 0.3007692307692308 0.6847222222222222 0.052307692307692305 0.5861111111111111
0 0.3630769230769231 0.7194444444444444 0.04153846153846154 0.5
0 0.45346153846153847 0.5708333333333333 0.03923076923076923 0.475
0 0.7057692307692308 0.4013888888888889 0.031538461538461536 0.3972222222222222
0 0.6696153846153846 0.35833333333333334 0.031538461538461536 0.46111111111111114
0 0.6092307692307692 0.35 0.033846153846153845 0.3888888888888889
0 0.5765384615384616 0.39305555555555555 0.040769230769230766 0.4638888888888889
0 0.5169230769230769 0.25972222222222224 0.033846153846153845 0.3861111111111111
0 0.3707692307692308 0.22916666666666666 0.04923076923076923 0.36944444444444446
0 0.19884615384615384 0.19583333333333333 0.040769230769230766 0.3861111111111111
0 0.08153846153846153 0.36527777777777776 0.05076923076923077 0.3194444444444444
0 0.11384615384615385 0.2722222222222222 0.046153846153846156 0.35
0 0.14423076923076922 0.1736111111111111 0.025384615384615384 0.3472222222222222
0 0.16230769230769232 0.21805555555555556 0.027692307692307693 0.38055555555555554
0 0.041923076923076924 0.7361111111111112 0.05153846153846154 0.49444444444444446