0 0.3319384615384615 0.8337888888888888 0.1536061538461538 0.328488888888889
0 0.34576 0.2046888888888889 0.07631999999999999 0.38926666666666665
0 0.20463384615384614 0.8362333333333334 0.1094830769230769 0.3275333333333333
0 0.46215384615384614 0.8628555555555556 0.12305230769230771 0.27411111111111114
0 0.22866461538461538 0.22536666666666666 0.06885538461538461 0.3804222222222222
0 0.6769784615384615 0.7440222222222223 0.09377846153846146 0.5107333333333334
0 0.9712000000000001 0.6290222222222223 0.057593846153846245 0.2785777777777778
0 0.08351384615384616 0.8131444444444444 0.12270153846153846 0.36949999999999994
0 0.7596123076923076 0.7032333333333333 0.08234461538461535 0.5640333333333333
0 0.27777846153846153 0.23713333333333336 0.0755876923076923 0.3768333333333333
0 0.5586461538461538 0.8605 0.08826461538461543 0.2789999999999999
0 0.5586953846153846 0.5974888888888888 0.11013538461538463 0.3852000000000001
0 0.9018276923076923 0.5041444444444445 0.09486153846153851 0.39406666666666673
0 0.6344307692307692 0.38722222222222225 0.09421538461538456 0.2935666666666667
0 0.39275076923076924 0.16853333333333334 0.053938461538461595 0.33617777777777785
0 0.46215384615384614 0.16297777777777778 0.07458461538461542 0.3259444444444445