0 0.23993846153846152 0.47913333333333336 0.0886584615384615 0.4389
0 0.16996923076923076 0.554611111111111 0.11897230769230772 0.48782222222222216
0 0.14752615384615383 0.13687777777777776 0.08250461538461538 0.2722111111111111
0 0.5504061538461539 0.1858111111111111 0.07785846153846153 0.3716222222222222
0 0.7770400000000001 0.6873777777777778 0.08580307692307683 0.5183777777777777
0 0.43683076923076924 0.1823333333333333 0.06840000000000006 0.34792222222222224
0 0.36744000000000004 0.20372222222222225 0.07178461538461545 0.3891555555555556
0 0.5080430769230769 0.6567 0.08542769230769227 0.5554111111111111
0 0.6384615384615384 0.6372777777777777 0.09110769230769235 0.583988888888889
0 0.7186953846153847 0.5636 0.08266461538461534 0.4872222222222222
0 0.9018830769230769 0.6227111111111112 0.07982153846153849 0.5522222222222222
0 0.42736615384615384 0.6408999999999999 0.10361230769230763 0.49795555555555565
0 0.8483261538461538 0.5690444444444445 0.06804923076923072 0.46441111111111116
0 0.03323076923076923 0.7772222222222223 0.06646153846153846 0.44333333333333336
0 0.06771692307692309 0.16572222222222222 0.07916307692307692 0.33144444444444443