0 0.9020307692307692 0.6413888888888889 0.09638769230769237 0.5469777777777778
0 0.43884923076923077 0.7714 0.10927384615384611 0.4517222222222222
0 0.8700923076923077 0.14236666666666667 0.08479384615384614 0.28473333333333334
0 0.5249661538461539 0.6740666666666666 0.10527384615384612 0.4936777777777777
0 0.4490461538461539 0.1854888888888889 0.0703815384615384 0.3709777777777778
0 0.2842769230769231 0.6852555555555556 0.1143323076923077 0.6135444444444446
0 0.7536123076923076 0.8792666666666668 0.11126769230769228 0.23557777777777775
0 0.20123076923076924 0.7516666666666667 0.09476923076923077 0.49666666666666665
0 0.34345846153846155 0.7068333333333333 0.08580307692307697 0.3016666666666667
0 0.6423815384615384 0.5639333333333334 0.11012307692307688 0.4558666666666667
0 0.8033538461538462 0.46013333333333334 0.09729846153846161 0.43938888888888894
0 0.7153661538461539 0.5392555555555555 0.09214153846153847 0.39141111111111104
0 0.6583815384615384 0.8846666666666667 0.0978092307692308 0.23066666666666658
0 0.16611692307692308 0.4750222222222222 0.0880492307692308 0.38472222222222224
0 0.2884430769230769 0.18141111111111113 0.06193846153846156 0.19304444444444446
0 0.38222153846153845 0.2034222222222222 0.07718153846153851 0.36596666666666666