0 0.563243076923077 0.24612222222222221 0.08604307692307689 0.4410555555555556
0 0.16836307692307692 0.5594333333333333 0.10201846153846152 0.4823444444444445
0 0.2521230769230769 0.4947333333333333 0.08884923076923076 0.43660000000000004
0 0.9154030769230769 0.6347 0.0711261538461538 0.5334555555555557
0 0.44843076923076924 0.1848 0.06900923076923084 0.3693222222222222
0 0.7889353846153846 0.6944111111111111 0.08676307692307679 0.5200444444444444
0 0.15440615384615383 0.14016666666666666 0.06603692307692308 0.27831111111111106
0 0.6527138461538462 0.6366444444444445 0.08356923076923081 0.5486666666666666
0 0.7258092307692308 0.5715555555555555 0.07579076923076915 0.45865555555555554
0 0.04433846153846153 0.6184111111111111 0.08689230769230769 0.6605888888888889
0 0.3823692307692308 0.2028222222222222 0.07032 0.3918666666666667
0 0.5783507692307692 0.7477555555555556 0.0785661538461539 0.5044888888888889
0 0.86248 0.5745222222222223 0.062996923076923 0.47406666666666675
0 0.4934830769230769 0.7861777777777778 0.09116923076923082 0.42764444444444455