0 0.32439999999999997 0.7730222222222223 0.11640000000000002 0.44572222222222224
0 0.08808615384615384 0.3431 0.09830153846153847 0.4193444444444444
0 0.35507692307692307 0.2389888888888889 0.06489230769230772 0.3879777777777778
0 0.786996923076923 0.7209555555555556 0.07438769230769238 0.5418222222222223
0 0.5854276923076923 0.7001888888888889 0.09605538461538457 0.5925222222222222
0 0.23658461538461537 0.2452222222222222 0.06382769230769232 0.3896444444444444
0 0.6928553846153847 0.7551888888888888 0.08567384615384603 0.47712222222222234
0 0.4925476923076923 0.4301333333333333 0.07875692307692309 0.4460444444444445
0 0.5455876923076923 0.20565555555555554 0.06913846153846148 0.3793
0 0.42720615384615385 0.20987777777777777 0.06376615384615378 0.37441111111111114
0 0.8168 0.33634444444444445 0.07003076923076934 0.4095666666666667