0 0.7660553846153846 0.6923666666666667 0.1084923076923078 0.5224555555555556
0 0.6483692307692307 0.6491 0.12542769230769235 0.5932333333333332
0 0.9025046153846153 0.652988888888889 0.09562461538461531 0.5478555555555555
0 0.5195138461538462 0.5163333333333333 0.0929353846153846 0.4317444444444445
0 0.28208 0.4481444444444444 0.08571076923076922 0.41939999999999994
0 0.39535384615384617 0.5074333333333333 0.08262153846153845 0.43124444444444443
0 0.8667076923076924 0.1378111111111111 0.057606153846153925 0.27561111111111114
0 0.44953846153846155 0.17166666666666666 0.06461538461538462 0.3433333333333333
0 0.04126153846153846 0.5878111111111111 0.0819876923076923 0.46663333333333334
0 0.6514523076923077 0.1320111111111111 0.05626461538461535 0.26401111111111114
0 0.7288984615384616 0.2814333333333333 0.07884923076923084 0.2597555555555556
0 0.14457846153846154 0.49970000000000003 0.12128000000000003 0.45628888888888897