0 0.6037784615384615 0.685088888888889 0.1022769230769231 0.6018444444444445
0 0.9131199999999999 0.7172888888888889 0.10105846153846142 0.5599000000000001
0 0.7166707692307692 0.7430444444444445 0.0813723076923077 0.5139
0 0.3955015384615385 0.7573555555555556 0.11492923076923077 0.48527777777777775
0 0.44131692307692305 0.2908777777777778 0.06322461538461539 0.3703111111111111
0 0.32203692307692305 0.2382888888888889 0.0762769230769231 0.3663
0 0.3845969230769231 0.19319999999999998 0.06466461538461533 0.36944444444444446
0 0.2516923076923077 0.2243777777777778 0.05376615384615385 0.37010000000000004
0 0.4488 0.6757333333333333 0.07987692307692305 0.47056666666666663
0 0.3530523076923077 0.6490666666666667 0.09023384615384619 0.5061222222222223
0 0.8135692307692307 0.6983999999999999 0.11033846153846165 0.524811111111111