0 0.12555692307692307 0.8001222222222223 0.12190153846153845 0.3977111111111112
0 0.5518092307692308 0.7053222222222222 0.1207569230769231 0.579588888888889
0 0.9434276923076923 0.5952666666666667 0.10937846153846169 0.5197777777777777
0 0.7690400000000001 0.7267 0.0896184615384616 0.5459777777777778
0 0.6691323076923077 0.7650555555555555 0.10183384615384616 0.4681555555555555
0 0.3381907692307692 0.6301555555555556 0.12339076923076922 0.585911111111111
0 0.06432 0.42233333333333334 0.0868 0.4675
0 0.14571076923076925 0.4360777777777778 0.10776615384615387 0.45231111111111105
0 0.4668923076923077 0.5541555555555555 0.08898461538461533 0.4718666666666667
0 0.3392738461538462 0.22276666666666667 0.06266461538461537 0.33796666666666675
0 0.26949538461538464 0.2714333333333333 0.06833846153846151 0.36865555555555557
0 0.21952615384615387 0.25743333333333335 0.061950769230769205 0.38954444444444447
0 0.25571076923076924 0.8846333333333333 0.09 0.23059999999999997