0 0.1090953846153846 0.8613999999999999 0.13723692307692306 0.2739111111111111
0 0.3590153846153846 0.20976666666666663 0.06497846153846148 0.37833333333333335
0 0.3534769230769231 0.8854 0.1291384615384615 0.22278888888888887
0 0.5801476923076924 0.6988444444444445 0.10273230769230772 0.5991000000000001
0 0.6867692307692308 0.7414555555555555 0.08764923076923067 0.5136999999999999
0 0.23344615384615386 0.8823777777777778 0.10470153846153846 0.23244444444444448
0 0.2366523076923077 0.2159111111111111 0.05668307692307693 0.3927777777777778
0 0.9782215384615384 0.6440222222222223 0.0435569230769232 0.28084444444444445
0 0.7694461538461538 0.711011111111111 0.0766892307692307 0.5594333333333333
0 0.2949538461538462 0.23183333333333334 0.06942769230769234 0.3820444444444444
0 0.5141169230769231 0.17725555555555558 0.05360615384615378 0.33264444444444446