0 0.9167630769230769 0.8985444444444445 0.1358092307692308 0.20290000000000014
0 0.5669169230769231 0.6852222222222223 0.10182153846153848 0.624511111111111
0 0.3410030769230769 0.5363 0.10034461538461535 0.4787666666666667
0 0.27980923076923075 0.5575444444444445 0.08312000000000003 0.5058222222222223
0 0.4887076923076923 0.18668888888888888 0.07004307692307689 0.3435777777777778
0 0.7185723076923077 0.7232333333333333 0.09161230769230763 0.537511111111111
0 0.0788676923076923 0.2179333333333333 0.08382769230769228 0.42407777777777783
0 0.7997476923076923 0.6941444444444445 0.0784984615384615 0.5401444444444445
0 0.5484553846153846 0.1828666666666667 0.07387076923076921 0.3355888888888889
0 0.8716369230769231 0.3402 0.06709538461538474 0.3650333333333333
0 0.2715876923076923 0.1700888888888889 0.06021538461538463 0.3401777777777778
0 0.3793846153846154 0.19 0.06707692307692308 0.38