0 0.2139753846153846 0.8410333333333333 0.13170461538461536 0.3147999999999999
0 0.6449107692307693 0.6323111111111112 0.11937230769230771 0.5761333333333333
0 0.7654523076923077 0.6905777777777777 0.09853538461538455 0.4930555555555556
0 0.08644923076923076 0.7803888888888889 0.10948923076923078 0.4347333333333333
0 0.5250153846153846 0.10806666666666667 0.06564307692307697 0.21308888888888888
0 0.3073292307692308 0.7805333333333333 0.10795692307692305 0.4389222222222222
0 0.4399384615384615 0.18516666666666667 0.06867692307692302 0.3645111111111111
0 0.45568000000000003 0.797188888888889 0.11177230769230775 0.40561111111111103
0 0.7388061538461538 0.31871111111111106 0.0621846153846155 0.31442222222222227
0 0.8947876923076923 0.6333222222222222 0.082683076923077 0.5620666666666667
0 0.26516923076923077 0.4992888888888889 0.06849230769230766 0.42605555555555563
0 0.6017723076923076 0.30277777777777776 0.08305230769230765 0.33798888888888895