0 0.5283076923076923 0.16444444444444445 0.08553846153846154 0.3288888888888889
0 0.7644000000000001 0.6833 0.11567384615384603 0.5059444444444444
0 0.43897846153846154 0.17603333333333335 0.08697846153846149 0.3520666666666667
0 0.6374276923076923 0.6108333333333333 0.1426461538461539 0.598288888888889
0 0.8867261538461538 0.6119666666666667 0.10422769230769224 0.5478222222222222
0 0.30972923076923076 0.6477777777777778 0.1049846153846154 0.5583888888888888
0 0.5596123076923076 0.8971444444444444 0.14244923076923072 0.19977777777777772
0 0.40165538461538464 0.5754 0.10658461538461542 0.46680000000000005
0 0.25683076923076925 0.4905333333333334 0.08895999999999997 0.4749333333333334
0 0.11194461538461538 0.17346666666666666 0.08699692307692308 0.3469333333333333
0 0.7018646153846154 0.5368222222222222 0.09542153846153843 0.4333
0 0.2152246153846154 0.6561444444444444 0.08521846153846155 0.5035555555555556
0 0.8485846153846154 0.5808666666666666 0.0867507692307691 0.4879111111111111