0 0.34 0.6027777777777777 0.05384615384615385 0.5444444444444444
0 0.25576923076923075 0.8458333333333333 0.06076923076923077 0.30833333333333335
0 0.32346153846153847 0.8333333333333334 0.06384615384615384 0.3333333333333333
0 0.37423076923076926 0.5291666666666667 0.045384615384615384 0.46944444444444444
0 0.4684615384615385 0.6388888888888888 0.047692307692307694 0.5222222222222223
0 0.40076923076923077 0.6736111111111112 0.046153846153846156 0.4861111111111111
0 0.5623076923076923 0.8291666666666667 0.04923076923076923 0.3416666666666667
0 0.8857692307692308 0.8236111111111111 0.06538461538461539 0.325
0 0.5919230769230769 0.3375 0.03923076923076923 0.425
0 0.6276923076923077 0.35694444444444445 0.04153846153846154 0.4305555555555556
0 0.7161538461538461 0.31805555555555554 0.036923076923076927 0.41944444444444445
0 0.7376923076923076 0.3472222222222222 0.038461538461538464 0.38333333333333336
0 0.115 0.16666666666666666 0.036153846153846154 0.3333333333333333
0 0.14884615384615385 0.1625 0.036153846153846154 0.325
0 0.20653846153846153 0.2 0.03307692307692308 0.37777777777777777
0 0.24461538461538462 0.20277777777777778 0.03230769230769231 0.40555555555555556