0 0.7637107692307692 0.6652777777777777 0.0880615384615384 0.5200333333333333
0 0.05999384615384614 0.5869000000000001 0.08972923076923077 0.4689333333333333
0 0.895643076923077 0.6145444444444444 0.08919999999999989 0.5441888888888888
0 0.26223384615384615 0.47524444444444447 0.06120615384615387 0.3985
0 0.34887384615384615 0.4752555555555556 0.07694153846153845 0.45184444444444455
0 0.4337846153846154 0.46992222222222224 0.09416 0.4945111111111112
0 0.5267015384615384 0.4690333333333333 0.07568000000000001 0.43938888888888894
0 0.6480430769230768 0.6204000000000001 0.1165169230769231 0.5954555555555556
0 0.8554153846153846 0.5681555555555555 0.06603076923076934 0.48654444444444445
0 0.14900923076923075 0.5070333333333333 0.10060307692307693 0.4487333333333334
0 0.22580307692307694 0.5152444444444445 0.05727384615384618 0.28293333333333326
0 0.5180861538461539 0.1302888888888889 0.07322461538461539 0.22414444444444442
0 0.5748246153846154 0.36967777777777777 0.05622769230769238 0.3784666666666667
0 0.7049046153846154 0.553711111111111 0.08746461538461545 0.47986666666666666