0 0.5117292307692307 0.5274666666666668 0.09732923076923082 0.425911111111111
0 0.7645907692307693 0.7000666666666666 0.10913846153846148 0.5189888888888888
0 0.90184 0.6624555555555556 0.09522461538461553 0.5477444444444445
0 0.6443076923076924 0.614511111111111 0.13745846153846147 0.6702666666666667
0 0.2722769230769231 0.45105555555555554 0.08842461538461535 0.4154444444444444
0 0.4498092307692308 0.18414444444444444 0.07214769230769232 0.36827777777777776
0 0.8646153846153846 0.14055555555555554 0.06153846153846154 0.2811111111111111
0 0.4396676923076923 0.5906666666666667 0.09568615384615385 0.42935555555555566
0 0.38839384615384615 0.5144444444444445 0.08531692307692314 0.4167333333333333
0 0.7177353846153846 0.5950777777777778 0.09863999999999998 0.503788888888889
0 0.15208615384615384 0.5143666666666666 0.12398769230769231 0.45896666666666674
0 0.06803076923076921 0.3338777777777778 0.08142153846153846 0.22243333333333337
0 0.04342153846153846 0.6166111111111111 0.08142153846153846 0.46788888888888885