0 0.23715692307692307 0.48298888888888897 0.08416615384615383 0.43502222222222225
0 0.3924615384615385 0.45 0.08741538461538459 0.4470888888888889
0 0.5173969230769231 0.4206666666666667 0.07278769230769229 0.4712555555555555
0 0.42088615384615385 0.17883333333333332 0.0598092307692308 0.34959999999999997
0 0.1470523076923077 0.5362666666666667 0.10829538461538459 0.5096
0 0.03415384615384615 0.6016666666666667 0.0683076923076923 0.4255555555555556
0 0.8863138461538461 0.6349555555555556 0.08012923076923079 0.5582777777777779
0 0.7545230769230769 0.6951999999999999 0.08944000000000009 0.5242222222222221
0 0.6209107692307693 0.6364333333333333 0.08742769230769235 0.6091000000000001
0 0.6931569230769231 0.5716333333333333 0.081003076923077 0.47791111111111106
0 0.8310584615384615 0.5729 0.06427076923076927 0.45075555555555563
0 0.9805969230769231 0.8118555555555556 0.03880615384615381 0.34575555555555565