0 0.20745312500000002 0.642421875 0.16712499999999997 0.5106510416666667
0 0.587234375 0.7252083333333333 0.17690625000000004 0.48515624999999996
0 0.532015625 0.4452083333333334 0.10053125000000004 0.37697916666666664
0 0.09271875 0.3676302083333333 0.07759374999999999 0.2661458333333333
0 0.605765625 0.22604166666666667 0.042593749999999986 0.12317708333333331
0 0.19040624999999997 0.25070312499999997 0.05184374999999999 0.22156250000000002
0 0.5016875 0.16721354166666666 0.055312499999999966 0.17101562499999998
0 0.24696875000000001 0.25244791666666666 0.092875 0.22135416666666666
0 0.3915 0.100546875 0.03993749999999996 0.13166666666666668
0 0.44965625 0.15408854166666666 0.052078125000000065 0.19242187500000005
0 0.55859375 0.206171875 0.049484374999999935 0.11140625