0 0.236265625 0.29968749999999994 0.08807812500000001 0.3238802083333333
0 0.674625 0.5898177083333334 0.17570312500000007 0.5308854166666667
0 0.16232812500000002 0.6901041666666666 0.16493750000000001 0.5034635416666667
0 0.069015625 0.35372395833333337 0.063375 0.27632812500000004
0 0.18532812499999998 0.30309895833333333 0.04774999999999998 0.12007812499999997
0 0.17925 0.20833333333333334 0.049484375000000025 0.11572916666666666
0 0.236546875 0.1446875 0.04775 0.10705729166666668
0 0.41709375 0.11934895833333332 0.05121874999999996 0.15770833333333334
0 0.569015625 0.23364583333333333 0.056421875000000024 0.18664062500000003
0 0.63759375 0.282109375 0.05121874999999996 0.17651041666666667
0 0.30815625 0.5606249999999999 0.125 0.35156249999999994
0 0.12803124999999999 0.184453125 0.040796875000000024 0.11429687500000002