0 0.276828125 0.609375 0.13778125000000002 0.4879166666666667
0 0.289328125 0.26640625 0.06970312500000002 0.2152864583333333
0 0.394046875 0.4053645833333333 0.14164062499999996 0.29984374999999996
0 0.1038125 0.3647916666666667 0.07854687500000002 0.2657552083333334
0 0.79834375 0.7402083333333334 0.16239062499999993 0.4453645833333333
0 0.606765625 0.237265625 0.03471875000000004 0.16203125
0 0.56728125 0.23583333333333334 0.04600000000000008 0.16492187499999997
0 0.522140625 0.18083333333333332 0.07204687500000002 0.21700520833333328
0 0.48871875 0.15046875 0.048609375000000024 0.13598958333333333
0 0.467875 0.8832552083333334 0.19096875000000005 0.17794270833333345
0 0.22743750000000001 0.29296875 0.0694375 0.3255208333333333
0 0.29426562500000003 0.14322916666666666 0.06770312499999998 0.11572916666666666
0 0.240015625 0.14611979166666667 0.049484375000000025 0.11283854166666668
0 0.18879687499999998 0.19026041666666668 0.03906249999999998 0.11429687499999998