0 0.20020312499999998 0.6941145833333334 0.19643750000000001 0.5117968749999999
0 0.5726093750000001 0.7301302083333333 0.16185937500000006 0.47427083333333336
0 0.29240625 0.517109375 0.115328125 0.325859375
0 0.081984375 0.364765625 0.07725 0.2901302083333333
0 0.190921875 0.24677083333333336 0.0538125 0.22130208333333332
0 0.38934375 0.3566666666666667 0.08268749999999998 0.3355468749999999
0 0.24559375 0.25713541666666667 0.0968125 0.22502604166666665
0 0.50346875 0.16854166666666667 0.06596875000000005 0.17794270833333328
0 0.55903125 0.21557291666666667 0.04340624999999996 0.1273177083333333
0 0.60459375 0.23583333333333334 0.04774999999999992 0.15046875
0 0.6974843749999999 0.9186979166666666 0.150171875 0.09260416666666653
0 0.471359375 0.4586197916666667 0.057296874999999935 0.1446875
0 0.35026562499999997 0.11934895833333332 0.04775 0.16348958333333333
0 0.23525000000000001 0.13166666666666668 0.046875 0.08390625