0 0.70896875 0.5899479166666667 0.12937499999999993 0.4539583333333333
0 0.056499999999999995 0.482265625 0.11299999999999999 0.38658854166666656
0 0.226421875 0.3434375 0.09962499999999999 0.32627604166666674
0 0.46578125000000004 0.15403645833333335 0.060484375000000055 0.20395833333333332
0 0.304421875 0.17820312500000002 0.05807812500000002 0.25614583333333335
0 0.230203125 0.17752604166666666 0.03885937500000001 0.10570312500000001
0 0.77096875 0.7996875 0.15603125 0.3324218749999999
0 0.26037499999999997 0.23684895833333333 0.03499999999999996 0.1742708333333333
0 0.173515625 0.22171875 0.06745312499999997 0.2069010416666667
0 0.12121875 0.19414062499999998 0.051796875000000006 0.13351562500000003
0 0.0856875 0.245234375 0.04667187500000001 0.11768229166666666
0 0.87153125 0.792109375 0.18403124999999995 0.34578124999999993
0 0.07378124999999999 0.33203125 0.0555625 0.14033854166666662