0 0.242546875 0.30523437499999995 0.08081249999999995 0.3447135416666667
0 0.75625 0.7965625 0.19640625000000006 0.33216145833333327
0 0.08645312499999999 0.33921874999999996 0.07156249999999999 0.271875
0 0.6487499999999999 0.28783854166666667 0.05139062499999998 0.19734375000000004
0 0.0703125 0.47453125000000007 0.109375 0.39062500000000006
0 0.40190625 0.909296875 0.15104687499999997 0.12007812500000004
0 0.25651562499999997 0.3754427083333333 0.05815624999999995 0.21268229166666672
0 0.196609375 0.20833333333333334 0.040796874999999976 0.22859375
0 0.23915625000000001 0.13671875 0.030374999999999996 0.07666666666666666
0 0.275609375 0.19604166666666667 0.044265624999999975 0.2560677083333333
0 0.51128125 0.172890625 0.07639062499999998 0.16927083333333334
0 0.5868125 0.22424479166666667 0.06596875000000005 0.22570312499999998