0 0.35125 0.3665885416666667 0.09751562499999995 0.40309895833333337
0 0.233984375 0.3423177083333333 0.08959375000000003 0.33205729166666664
0 0.07403125 0.46122395833333335 0.081328125 0.393359375
0 0.29753124999999997 0.19497395833333334 0.05217187499999998 0.2492447916666666
0 0.1735625 0.24434895833333334 0.06623437500000003 0.15645833333333334
0 0.6192968750000001 0.26440104166666667 0.103515625 0.27320312500000005
0 0.212953125 0.15955729166666668 0.04229687499999999 0.13572916666666665
0 0.09215625 0.286328125 0.07209375 0.1279947916666667
0 0.2495625 0.17361979166666666 0.040796875000000024 0.15335937500000002
0 0.5099843749999999 0.17361979166666666 0.0546875 0.17651041666666667
0 0.58940625 0.17 0.032984375000000024 0.12585937499999997
0 0.548171875 0.22786458333333334 0.040796875000000024 0.14033854166666665