0 0.50125 0.15643229166666667 0.07879687499999992 0.19705729166666666
0 0.70784375 0.4019010416666667 0.09510937500000001 0.36752604166666664
0 0.5802968749999999 0.7797916666666667 0.1571249999999999 0.3703645833333334
0 0.85503125 0.5729166666666666 0.11457812499999998 0.31539062500000004
0 0.092015625 0.45067708333333334 0.078125 0.38338541666666676
0 0.06987499999999999 0.27270833333333333 0.04253125 0.10562500000000001
0 0.19228125000000001 0.3414322916666667 0.12239062499999998 0.30960937499999996
0 0.257375 0.21338541666666666 0.049484375000000025 0.15770833333333334
0 0.23698437499999997 0.26765625 0.06423437500000002 0.2951302083333333
0 0.30207812500000003 0.1953125 0.048609375000000024 0.26619791666666665
0 0.38975 0.11645833333333333 0.05556250000000005 0.17216145833333338
0 0.5694375 0.18807291666666667 0.052078125000000065 0.1678125
0 0.584640625 0.26546875 0.044265625000000065 0.15479166666666666