0 0.3569375 0.40015625 0.13460937499999998 0.2446614583333333
0 0.20564062500000002 0.30994791666666666 0.102734375 0.305703125
0 0.43559374999999995 0.8519010416666667 0.15601562500000005 0.2336458333333334
0 0.648109375 0.26486979166666663 0.07009375000000002 0.23596354166666664
0 0.077015625 0.34958333333333336 0.066625 0.2772916666666667
0 0.083328125 0.5490364583333334 0.13889062500000002 0.4094270833333333
0 0.27604687499999997 0.20544270833333333 0.046875 0.2575260416666667
0 0.20964062499999997 0.18880208333333334 0.0546875 0.1953125
0 0.24653125 0.18013020833333335 0.02951562499999998 0.15770833333333334
0 0.49696875 0.1815625 0.06684374999999995 0.1953125
0 0.5607656249999999 0.2459375 0.052078125000000065 0.17940104166666662