0 0.5117812500000001 0.16947916666666665 0.06689062500000009 0.22979166666666662
0 0.232015625 0.33507812499999995 0.08898437499999998 0.3188020833333334
0 0.07246875 0.4536458333333333 0.093734375 0.3930989583333333
0 0.59028125 0.7682291666666666 0.1631875000000001 0.3992968750000001
0 0.8038125 0.6886458333333333 0.1319375000000001 0.34432291666666676
0 0.7087656250000001 0.41304687500000004 0.08767187500000002 0.3949739583333332
0 0.31640625 0.2864583333333333 0.07378125000000005 0.33565104166666665
0 0.21745312499999997 0.16130208333333332 0.061625 0.16348958333333333
0 0.29990625 0.11140625 0.033859375000000025 0.09549479166666668
0 0.259984375 0.16638020833333333 0.040796875000000024 0.15335937500000002
0 0.0850625 0.35302083333333334 0.0625 0.27197916666666666
0 0.17665625000000001 0.2755989583333333 0.03559375 0.1403385416666667
0 0.330296875 0.10270833333333333 0.037328124999999976 0.13309895833333335
0 0.765625 0.4788802083333333 0.07465624999999995 0.27489583333333334
0 0.80903125 0.44559895833333335 0.06770312499999998 0.35302083333333334