0 0.661515625 0.27999999999999997 0.07548437499999991 0.23606770833333335
0 0.056765625 0.47421874999999997 0.11179687499999998 0.3835156250000001
0 0.16971875 0.8182291666666667 0.179890625 0.30239583333333336
0 0.297296875 0.19229166666666667 0.052046875000000006 0.24796875
0 0.205484375 0.35302083333333334 0.11017187499999999 0.29710937500000006
0 0.520375 0.9093749999999999 0.16750000000000007 0.11335937499999993
0 0.197546875 0.22497395833333333 0.07853124999999998 0.128671875
0 0.07849999999999999 0.302890625 0.06518749999999998 0.15398437499999998
0 0.514328125 0.18302083333333333 0.05121874999999996 0.18375
0 0.21787499999999999 0.20328125 0.05034375000000002 0.23583333333333334
0 0.552078125 0.23075520833333332 0.041671874999999935 0.14322916666666666
0 0.24870312499999997 0.18591145833333333 0.04253124999999995 0.17505208333333333