0 0.6738593749999999 0.5448697916666666 0.13835937499999992 0.49395833333333333
0 0.295796875 0.19466145833333334 0.05240625000000003 0.2370052083333333
0 0.53134375 0.869609375 0.1620156249999999 0.19947916666666674
0 0.05779687499999999 0.45877604166666663 0.088328125 0.3765885416666667
0 0.222984375 0.18437499999999998 0.06003125000000002 0.18713541666666664
0 0.6094375000000001 0.23557291666666666 0.06685937499999994 0.24718749999999998
0 0.079421875 0.35518229166666665 0.061625 0.27632812500000004
0 0.171875 0.217734375 0.0850625 0.14611979166666664
0 0.252171875 0.18229166666666666 0.033859375000000025 0.16492187499999997
0 0.51084375 0.18302083333333333 0.049484374999999935 0.17216145833333338
0 0.557296875 0.22424479166666667 0.036453125000000065 0.13309895833333332
0 0.66796875 0.284296875 0.044265625000000065 0.17794270833333337