0 0.647875 0.289375 0.04695312499999993 0.19565104166666666
0 0.381328125 0.40643229166666667 0.12003125000000003 0.29789062499999996
0 0.07196875 0.30546874999999996 0.05926562500000001 0.16307291666666665
0 0.20165625 0.3084375 0.08907812499999998 0.3044270833333333
0 0.53271875 0.1698697916666667 0.07554687500000004 0.14388020833333334
0 0.269203125 0.20645833333333333 0.053609375 0.26328124999999997
0 0.517578125 0.9093229166666666 0.16989062500000002 0.11322916666666671
0 0.2038125 0.15690104166666666 0.045624999999999985 0.13031249999999997
0 0.5859375 0.23364583333333333 0.06943750000000008 0.23583333333333334
0 0.07421875 0.45645833333333335 0.0859375 0.3689322916666667
0 0.24565625 0.20471354166666667 0.045140624999999976 0.20979166666666668