0 0.6271718749999999 0.6372916666666667 0.13628125000000005 0.5714583333333333
0 0.31120312499999997 0.5425260416666667 0.12587500000000001 0.37614583333333335
0 0.162765625 0.6893750000000001 0.16059375 0.4933333333333334
0 0.065109375 0.34794270833333335 0.0555625 0.27921875
0 0.10200000000000001 0.20833333333333334 0.03385937500000001 0.13020833333333334
0 0.17925 0.290078125 0.037328124999999976 0.12585937500000002
0 0.18056250000000001 0.19096354166666665 0.032984375000000024 0.09549479166666665
0 0.236546875 0.153359375 0.05121874999999996 0.11864583333333334
0 0.232640625 0.28572916666666665 0.0868125 0.28210937499999994
0 0.416234375 0.14395833333333333 0.056421875000000024 0.18083333333333332
0 0.56553125 0.234375 0.05815625000000004 0.2025520833333333
0 0.6345468750000001 0.276328125 0.046875 0.16492187500000002