0 0.664203125 0.776484375 0.19370312500000003 0.3751562500000001
0 0.51659375 0.8912760416666666 0.17976562499999993 0.14499999999999988
0 0.20346875 0.29270833333333335 0.07915625000000001 0.29208333333333336
0 0.650109375 0.2803125 0.045250000000000054 0.21265625
0 0.08048437500000001 0.35385416666666664 0.06615625000000001 0.26851562500000004
0 0.26937500000000003 0.203828125 0.05190624999999995 0.25963541666666673
0 0.509109375 0.178671875 0.07378125000000005 0.17794270833333337
0 0.5776875 0.22497395833333336 0.07899999999999992 0.2329166666666667
0 0.243921875 0.1953125 0.02778124999999996 0.20255208333333333
0 0.21006249999999999 0.18591145833333333 0.052078124999999975 0.1953125
0 0.064234375 0.46729166666666666 0.1024375 0.38484374999999993