0 0.24453125 0.3539322916666667 0.09356249999999999 0.34763020833333336
0 0.109296875 0.29247395833333334 0.08518750000000001 0.14015624999999998
0 0.3188125 0.146640625 0.043874999999999977 0.1871354166666667
0 0.083140625 0.45510416666666664 0.10320312499999999 0.3920572916666667
0 0.19334374999999998 0.23598958333333334 0.062484374999999995 0.1700260416666667
0 0.166234375 0.248125 0.0234375 0.08247395833333337
0 0.20182812499999997 0.14322916666666666 0.049484375000000025 0.11283854166666664
0 0.24609375 0.14395833333333333 0.028640624999999975 0.07666666666666666
0 0.27214062499999997 0.17578125 0.044265624999999975 0.206875
0 0.314671875 0.20036458333333332 0.056421875000000024 0.2994791666666667
0 0.50825 0.167109375 0.05815625000000004 0.14901041666666667
0 0.6462656250000001 0.290078125 0.04774999999999992 0.21268229166666663
0 0.57075 0.23075520833333332 0.09114062500000006 0.2184635416666667