0 0.7364843750000001 0.4375 0.11493749999999991 0.379375
0 0.42818750000000005 0.8381510416666668 0.14620312500000004 0.26182291666666657
0 0.2048125 0.2958854166666667 0.08481250000000003 0.27210937500000004
0 0.07935937499999998 0.32484375 0.05790624999999999 0.23596354166666664
0 0.36553125 0.491015625 0.13856249999999998 0.4311979166666668
0 0.63953125 0.27664062500000003 0.04921875 0.18940104166666663
0 0.13628125 0.611796875 0.14957812500000003 0.4543489583333334
0 0.24928124999999998 0.40958333333333335 0.052671874999999965 0.2049739583333333
0 0.5603281250000001 0.24377604166666667 0.049484374999999935 0.16638020833333336
0 0.498703125 0.184453125 0.07551562500000006 0.20979166666666668
0 0.27646875 0.20182291666666666 0.05121874999999996 0.261875
0 0.2105 0.17578125 0.04775 0.17216145833333338
0 0.24348437500000003 0.18375 0.030374999999999996 0.17072916666666668