0 0.08215625 0.4591145833333334 0.124953125 0.39755208333333325
0 0.648671875 0.288203125 0.050390625 0.19664062500000004
0 0.23275 0.2615885416666667 0.073375 0.26809895833333336
0 0.27921874999999996 0.20669270833333334 0.044218750000000015 0.2541666666666667
0 0.19664062499999999 0.222578125 0.04151562499999999 0.2563020833333334
0 0.084203125 0.33565104166666665 0.05903125 0.2661979166666667
0 0.244359375 0.38195312499999995 0.061625 0.2054427083333333
0 0.2421875 0.14177083333333332 0.03125 0.07523437499999998
0 0.51084375 0.16927083333333334 0.08073437499999994 0.159140625
0 0.727 0.8911979166666667 0.24565625000000005 0.16203125000000007
0 0.569015625 0.22424479166666664 0.09809374999999995 0.22281249999999997