0 0.068984375 0.46533854166666666 0.112234375 0.3800260416666667
0 0.46489062499999995 0.8781770833333334 0.13821875 0.18169270833333329
0 0.6498437499999999 0.28588541666666667 0.04606250000000003 0.20229166666666668
0 0.089140625 0.295 0.07335937500000002 0.16117187499999996
0 0.20196874999999997 0.29440104166666664 0.07904687500000003 0.28398437499999996
0 0.2729375 0.20299479166666667 0.050078125000000015 0.25708333333333333
0 0.57975 0.23187500000000003 0.06585937499999997 0.22911458333333332
0 0.2109375 0.22351562499999997 0.052078124999999975 0.27343749999999994
0 0.5099843749999999 0.198203125 0.06510937499999994 0.2112239583333333
0 0.24609375 0.20544270833333333 0.040796875000000024 0.21411458333333333
0 0.7248281249999999 0.9020572916666666 0.18923437499999993 0.13455729166666655