0 0.5683125 0.7132291666666667 0.216578125 0.49578125
0 0.21134375 0.6446354166666667 0.15015625000000002 0.5002604166666665
0 0.610609375 0.45013020833333334 0.10698437500000005 0.30458333333333326
0 0.49564062499999995 0.1690104166666667 0.06809375000000006 0.1745052083333333
0 0.44365625 0.13893229166666668 0.05800000000000001 0.15393229166666667
0 0.386046875 0.09723958333333334 0.04096875000000004 0.10513020833333335
0 0.29296875 0.5418229166666667 0.14150000000000001 0.4586197916666667
0 0.0850625 0.35661458333333335 0.07292187500000001 0.261875
0 0.173609375 0.28572916666666665 0.03471875 0.12296874999999996
0 0.18837500000000001 0.25244791666666666 0.0555625 0.21846354166666662
0 0.252171875 0.24885416666666668 0.0859375 0.22859374999999996
0 0.5625 0.23002604166666665 0.048609375000000024 0.15625
0 0.6098125 0.23002604166666665 0.0390625 0.13309895833333332