0 0.47628125 0.8702864583333333 0.13606250000000006 0.20341145833333338
0 0.08982812500000001 0.33322916666666663 0.06375 0.23382812499999997
0 0.636515625 0.28606770833333334 0.048828125 0.18234374999999994
0 0.260234375 0.27421874999999996 0.07659374999999997 0.33249999999999996
0 0.174265625 0.226953125 0.049765624999999994 0.14471354166666664
0 0.19851562499999997 0.31145833333333334 0.05517187499999998 0.142734375
0 0.323328125 0.5410416666666666 0.13582812500000002 0.373046875
0 0.161609375 0.6798697916666666 0.17296874999999998 0.5092187499999999
0 0.38689062500000004 0.35122395833333336 0.07785937500000002 0.38843749999999994
0 0.4875625 0.171171875 0.06390624999999997 0.16260416666666666
0 0.416234375 0.14106770833333335 0.04253125000000004 0.10270833333333333
0 0.314234375 0.14033854166666668 0.0399375 0.14177083333333332