0 0.55340625 0.7144010416666666 0.24254687500000002 0.49427083333333344
0 0.21425 0.6455989583333334 0.14528125000000003 0.498203125
0 0.803171875 0.735234375 0.2071406249999999 0.4436197916666667
0 0.31509375 0.5356510416666667 0.12146875000000001 0.39710937500000004
0 0.25353125 0.30929687499999997 0.06862500000000002 0.3024479166666667
0 0.511734375 0.1734375 0.06928125000000004 0.15640625
0 0.602 0.25028645833333335 0.052953124999999976 0.14757812499999998
0 0.552078125 0.21049479166666665 0.041671874999999935 0.13744791666666667
0 0.427515625 0.13817708333333334 0.056421875000000024 0.1663802083333333
0 0.17490624999999999 0.2799479166666667 0.037328124999999976 0.1171875
0 0.079859375 0.35734375 0.05729687499999999 0.2604166666666667
0 0.18620312499999997 0.24450520833333333 0.04774999999999998 0.1996614583333333