0 0.64928125 0.2889583333333333 0.04923437499999998 0.19533854166666673
0 0.5017968749999999 0.17046874999999997 0.06962499999999991 0.1678125
0 0.34974999999999995 0.37114583333333334 0.10817187499999999 0.34039062499999995
0 0.377265625 0.876640625 0.20912500000000006 0.17906249999999999
0 0.069390625 0.3521614583333333 0.068421875 0.2697916666666666
0 0.276875 0.206328125 0.051406249999999966 0.25708333333333333
0 0.2424375 0.3744010416666667 0.09215625000000001 0.2077864583333334
0 0.060765625000000004 0.49190104166666665 0.10590625000000001 0.3992968750000001
0 0.177953125 0.29223958333333333 0.04340625 0.15046875000000004
0 0.26432812499999997 0.36820312499999996 0.04775 0.21846354166666662
0 0.20746875 0.17216145833333332 0.06770312499999998 0.16203125
0 0.549484375 0.220625 0.08159375000000005 0.22713541666666662
0 0.242625 0.15770833333333334 0.028640624999999975 0.12153645833333336