0 0.6183125 0.7235416666666666 0.15803124999999998 0.47770833333333323
0 0.211671875 0.6512760416666666 0.15268749999999998 0.48908854166666665
0 0.31248437500000004 0.5290104166666666 0.13385937500000003 0.4867187499999999
0 0.23542187499999997 0.2870833333333333 0.092765625 0.2828385416666666
0 0.38128125 0.09593750000000001 0.035546875 0.11341145833333333
0 0.64146875 0.2881770833333333 0.05482812500000005 0.18187499999999998
0 0.5685781249999999 0.22424479166666667 0.05381250000000008 0.2112239583333333
0 0.447484375 0.14973958333333334 0.0703125 0.18083333333333332
0 0.087671875 0.34651041666666665 0.07465625000000001 0.28791666666666665
0 0.08290625 0.18013020833333335 0.0390625 0.13166666666666668
0 0.18229687499999997 0.19966145833333335 0.03993749999999998 0.12442708333333334
0 0.18837500000000001 0.2871875 0.03125 0.12875
0 0.236546875 0.14973958333333334 0.049484375000000025 0.12585937499999997