0 0.152125 0.613359375 0.18117187500000004 0.46760416666666665
0 0.20860937499999999 0.29484375 0.08510937500000001 0.2769010416666666
0 0.35103125 0.4306510416666667 0.14368749999999997 0.24763020833333338
0 0.43493750000000003 0.841484375 0.140953125 0.25783854166666664
0 0.6960468750000001 0.36557291666666664 0.08037500000000009 0.3708854166666666
0 0.06921875 0.31809895833333335 0.0515625 0.22046875000000002
0 0.4930625 0.17578125 0.07639062499999998 0.17216145833333338
0 0.55903125 0.23291666666666666 0.045140624999999976 0.15046875
0 0.64453125 0.2777864583333334 0.04600000000000008 0.1822916666666667
0 0.209203125 0.17432291666666666 0.05034375000000002 0.16927083333333334
0 0.27604687499999997 0.203984375 0.04340625000000005 0.2575260416666667
0 0.24479687499999997 0.18229166666666666 0.02951562499999998 0.16492187499999997