0 0.652359375 0.638203125 0.16940624999999992 0.5067187500000001
0 0.692171875 0.351015625 0.08443749999999994 0.28929687499999995
0 0.295734375 0.19697916666666668 0.05389062500000001 0.24934895833333334
0 0.074125 0.459140625 0.0963125 0.3992708333333333
0 0.2145625 0.34684895833333335 0.09185937500000001 0.3376822916666666
0 0.736140625 0.8044270833333332 0.18628125000000004 0.31749999999999995
0 0.218671875 0.15533854166666666 0.036234375 0.13502604166666668
0 0.075953125 0.303828125 0.040796874999999996 0.15335937500000005
0 0.2026875 0.17361979166666666 0.04775 0.08968749999999999
0 0.25390625 0.18953125 0.046 0.19385416666666666
0 0.51865625 0.19169270833333332 0.052953124999999976 0.206875
0 0.61025 0.22859375 0.057296874999999935 0.234375
0 0.565109375 0.22932291666666668 0.048609375000000024 0.14901041666666667