0 0.6366875000000001 0.7608333333333334 0.18765625000000002 0.420234375
0 0.7664375 0.5625260416666666 0.12346874999999997 0.46872395833333336
0 0.841984375 0.7675520833333334 0.1603437500000001 0.39619791666666665
0 0.665515625 0.29546875 0.0739218750000001 0.3215625
0 0.297359375 0.192421875 0.051828125000000023 0.24851562500000002
0 0.22025 0.32916666666666666 0.09185937500000001 0.3305989583333333
0 0.537390625 0.18135416666666668 0.055984375000000065 0.16369791666666664
0 0.7614687499999999 0.36028645833333334 0.06340625000000007 0.16684895833333332
0 0.09378125000000001 0.46156250000000004 0.07900000000000001 0.39630208333333333
0 0.21731250000000002 0.15041666666666667 0.038203124999999984 0.12036458333333334
0 0.627609375 0.24088541666666666 0.05034375000000004 0.2271354166666667
0 0.5720468750000001 0.24377604166666667 0.052078125000000065 0.16348958333333333
0 0.0711875 0.26981770833333335 0.03471875 0.12585937500000002
0 0.170578125 0.24377604166666667 0.03559375 0.09114583333333333
0 0.20051562500000003 0.186640625 0.0625 0.10994791666666666