0 0.13884375 0.67046875 0.18601562499999996 0.5578645833333334
0 0.70284375 0.4281510416666667 0.10970312500000005 0.42468749999999994
0 0.29578125 0.1925 0.05492187499999997 0.244375
0 0.52846875 0.9114322916666667 0.16826562500000009 0.11611979166666675
0 0.21012499999999998 0.34369791666666666 0.09329687499999999 0.31377604166666667
0 0.598453125 0.23135416666666667 0.063671875 0.23398437499999994
0 0.666125 0.29315104166666667 0.04440624999999994 0.19109374999999998
0 0.5165 0.17723958333333334 0.05556250000000009 0.1663802083333333
0 0.22526562499999997 0.20471354166666667 0.0546875 0.23291666666666666
0 0.07509375 0.303828125 0.049484375000000004 0.17361979166666663
0 0.0546875 0.42822916666666666 0.079859375 0.2951302083333333
0 0.250875 0.20109375 0.045140624999999976 0.2054427083333333