0 0.5501406249999999 0.7109375 0.23834374999999994 0.4999479166666667
0 0.21368749999999997 0.6454427083333333 0.14640625 0.4976822916666666
0 0.3206875 0.5240625 0.11529687500000003 0.3862239583333333
0 0.08856250000000002 0.3602083333333333 0.073734375 0.27289062500000005
0 0.251125 0.30875 0.06818749999999998 0.299296875
0 0.1918125 0.24846354166666665 0.053468749999999995 0.22312500000000002
0 0.9296875 0.797890625 0.140625 0.3370833333333334
0 0.604171875 0.25317708333333333 0.046875 0.15335937499999996
0 0.555984375 0.21557291666666667 0.04774999999999992 0.15625
0 0.5086875 0.18807291666666667 0.05034375000000004 0.17651041666666667
0 0.431421875 0.139609375 0.05381250000000008 0.14033854166666668