0 0.739484375 0.7646875 0.18014062499999994 0.40411458333333344
0 0.5931093749999999 0.739921875 0.13621874999999992 0.44614583333333324
0 0.71228125 0.43734375 0.12339062500000005 0.4038541666666668
0 0.5154375 0.16442708333333333 0.06415624999999991 0.218671875
0 0.8459218749999999 0.8535937499999999 0.11545312500000007 0.22281249999999986
0 0.061203125000000004 0.49333333333333335 0.11371875000000001 0.3703645833333334
0 0.076390625 0.30888020833333335 0.0694375 0.16348958333333333
0 0.22135937499999997 0.34359375 0.09548437500000002 0.3023697916666667
0 0.15321875000000001 0.21989583333333332 0.04775 0.17651041666666667
0 0.19618750000000001 0.18591145833333333 0.05034375000000002 0.12585937500000002
0 0.2339375 0.17723958333333334 0.033859375000000025 0.10851562500000002
0 0.257375 0.19677083333333334 0.052953124999999976 0.27489583333333334
0 0.28428125 0.15046875 0.04253125000000004 0.17940104166666662