0 0.30753125 0.5327604166666667 0.13860937499999998 0.3628385416666666
0 0.411203125 0.110859375 0.05929687500000003 0.14294270833333333
0 0.15321875000000001 0.6770833333333334 0.181421875 0.4774218750000001
0 0.06684375000000001 0.32841145833333335 0.05034375 0.23726562499999995
0 0.1870625 0.29442708333333334 0.037328124999999976 0.13166666666666668
0 0.15278125 0.1815625 0.041671875000000025 0.14322916666666666
0 0.23915625000000001 0.14684895833333333 0.04775 0.10851562499999999
0 0.181859375 0.19458333333333333 0.04774999999999998 0.10270833333333333
0 0.62978125 0.55484375 0.13628125000000005 0.5193749999999999
0 0.635421875 0.27632812500000004 0.05556250000000009 0.15625000000000003
0 0.56684375 0.23364583333333333 0.05381250000000008 0.19242187499999996
0 0.41015625 0.11213541666666667 0.0546875 0.15479166666666666
0 0.22178124999999999 0.29875 0.11198437500000002 0.3081510416666666