0 0.649640625 0.2892708333333333 0.04910937499999992 0.19552083333333337
0 0.49309375 0.174765625 0.07171874999999997 0.171484375
0 0.239109375 0.33950520833333336 0.08979687499999997 0.27177083333333335
0 0.071921875 0.34869791666666666 0.07064062500000001 0.27351562500000004
0 0.315328125 0.3134375 0.09510937500000001 0.26453125000000005
0 0.561703125 0.2276041666666667 0.08076562500000009 0.24497395833333332
0 0.3760625 0.882421875 0.19800000000000004 0.16481770833333323
0 0.269828125 0.17914062500000003 0.058328124999999974 0.20315104166666673
0 0.057859375000000005 0.51453125 0.109265625 0.3995572916666667
0 0.20615624999999999 0.21338541666666666 0.056421875000000024 0.2416145833333333
0 0.17665625000000001 0.2835677083333334 0.040796875000000024 0.14177083333333337
0 0.267796875 0.37398437500000004 0.052953124999999976 0.20979166666666668
0 0.24131249999999999 0.153359375 0.026046875000000025 0.10705729166666665