0 0.060203125 0.5044270833333333 0.10345312499999997 0.33140624999999996
0 0.5982031250000001 0.6741666666666667 0.1109375 0.341796875
0 0.5198125 0.17114583333333333 0.06564062499999998 0.23140625000000004
0 0.22534375 0.34598958333333335 0.09817187499999998 0.33101562500000004
0 0.71403125 0.7222916666666667 0.09246874999999992 0.3091927083333334
0 0.68696875 0.5141145833333333 0.10329687500000002 0.3821093749999999
0 0.185234375 0.22348958333333332 0.04790625 0.20125
0 0.27728125000000003 0.203359375 0.06182812499999999 0.23145833333333332
0 0.24225 0.20567708333333334 0.03551562500000003 0.11018229166666667
0 0.07378124999999999 0.36820312499999996 0.07292187500000001 0.21846354166666662
0 0.85590625 0.7747395833333334 0.17534375000000005 0.3891666666666667