0 0.29184375 0.5904947916666666 0.12054687500000005 0.4954947916666666
0 0.209390625 0.2834114583333333 0.09439062499999998 0.24630208333333337
0 0.42696875 0.8489583333333334 0.142640625 0.2395052083333334
0 0.07978125 0.347890625 0.07145312499999998 0.28544270833333335
0 0.38640625 0.4072395833333333 0.14579687500000005 0.29453125
0 0.278921875 0.20348958333333333 0.053703125000000004 0.26145833333333335
0 0.48871875 0.33898437499999995 0.10854687500000004 0.303515625
0 0.528046875 0.18739583333333332 0.07396875000000006 0.19921875
0 0.563796875 0.24161458333333333 0.040796875000000024 0.17361979166666672
0 0.6024375 0.24015625 0.036453125000000065 0.16492187499999997
0 0.24306250000000001 0.17 0.02778124999999996 0.14322916666666666
0 0.21006249999999999 0.16130208333333332 0.057296875000000025 0.14901041666666667