0 0.637296875 0.29033854166666667 0.053828125000000074 0.1778125
0 0.28465625 0.18872395833333333 0.05504687500000003 0.22973958333333333
0 0.55121875 0.909296875 0.10068750000000008 0.11429687499999996
0 0.30815625 0.5519270833333333 0.12153125000000005 0.3602343750000001
0 0.16189062499999998 0.6741927083333333 0.17099999999999999 0.4890104166666666
0 0.1006875 0.3255208333333333 0.07292187500000001 0.21122395833333338
0 0.194015625 0.29658854166666665 0.040796874999999976 0.13598958333333333
0 0.17839062499999997 0.2090625 0.04774999999999998 0.13166666666666668
0 0.23871875 0.282109375 0.0868125 0.30382812499999995
0 0.240453125 0.14828125 0.048609375000000024 0.1171875
0 0.46484375 0.41304687500000004 0.08420312499999998 0.4557291666666667
0 0.397140625 0.09692708333333333 0.037328125000000024 0.12153645833333333
0 0.458328125 0.17 0.041671874999999935 0.1171875
0 0.510421875 0.1953125 0.06770312500000006 0.159140625