0 0.3040625 0.376796875 0.10376562500000004 0.3759635416666667
0 0.209078125 0.28932291666666665 0.07110937499999999 0.2848958333333334
0 0.650015625 0.28953125 0.04668749999999999 0.19546875
0 0.511734375 0.9078385416666667 0.1755625 0.11617187500000004
0 0.276921875 0.14161458333333335 0.03946874999999998 0.127421875
0 0.24221875 0.18299479166666666 0.04400000000000004 0.16854166666666667
0 0.536109375 0.17 0.07721874999999993 0.15546875
0 0.569875 0.22424479166666667 0.08940625000000005 0.21411458333333333
0 0.07465625000000001 0.44848958333333333 0.09201562499999999 0.3790625
0 0.095921875 0.36963541666666666 0.05121875 0.27054687499999996
0 0.203125 0.17794270833333334 0.06423437500000002 0.16203125