0 0.23507812499999997 0.3416927083333334 0.085640625 0.340625
0 0.357796875 0.33270833333333333 0.09482812500000004 0.38348958333333333
0 0.29671875000000003 0.1934375 0.053640624999999977 0.24755208333333334
0 0.076875 0.45119791666666664 0.08439062499999998 0.3986979166666667
0 0.497984375 0.17638020833333334 0.04914062500000007 0.15994791666666666
0 0.215046875 0.14192708333333334 0.042984374999999984 0.10536458333333336
0 0.18409375 0.2540364583333333 0.053515625 0.18559895833333337
0 0.093921875 0.29247395833333334 0.049828125000000015 0.14463541666666668
0 0.253765625 0.17341145833333335 0.04006249999999998 0.15872395833333333
0 0.546875 0.22713541666666667 0.03993749999999992 0.1388802083333333
0 0.5868125 0.167109375 0.032984375000000024 0.13455729166666666
0 0.65625 0.290078125 0.03125 0.20109375
0 0.6085 0.24161458333333333 0.07292187499999994 0.24015624999999996