0 0.1975625 0.651875 0.16915624999999998 0.48708333333333326
0 0.6029375 0.7286458333333333 0.20778125000000003 0.4720572916666666
0 0.310296875 0.53859375 0.15520312499999997 0.4371093750000001
0 0.09024999999999998 0.35359375 0.07295312499999998 0.28786458333333337
0 0.643265625 0.2895052083333333 0.05732812499999991 0.18005208333333336
0 0.23625 0.26229166666666665 0.08534375000000001 0.3451302083333334
0 0.185703125 0.24934895833333334 0.043187499999999976 0.21895833333333328
0 0.23596875 0.15065104166666665 0.05 0.11703124999999998
0 0.567703125 0.237265625 0.05556250000000009 0.21411458333333333
0 0.42621875 0.14684895833333333 0.06943750000000004 0.18375
0 0.07725 0.19604166666666667 0.04860937500000001 0.14901041666666667
0 0.19401562499999997 0.3009375 0.04774999999999998 0.13598958333333336