0 0.648171875 0.2890885416666667 0.050562500000000024 0.19604166666666667
0 0.570078125 0.225625 0.06890625000000003 0.2427083333333334
0 0.24578125 0.34874999999999995 0.08975 0.2607552083333333
0 0.07259374999999998 0.35127604166666665 0.07017187499999998 0.2715625
0 0.5109843749999999 0.18145833333333336 0.0751875 0.18117187499999998
0 0.40346875000000004 0.88234375 0.14725000000000002 0.17023437500000002
0 0.27078125000000003 0.20520833333333333 0.05499999999999998 0.2538020833333334
0 0.435328125 0.390625 0.11024999999999996 0.31828125
0 0.26823437499999997 0.3754427083333333 0.045140624999999976 0.2155729166666667
0 0.20703125 0.21049479166666665 0.06684374999999998 0.22713541666666667
0 0.174046875 0.28283854166666667 0.0390625 0.13744791666666667
0 0.24131249999999999 0.16059895833333335 0.02778124999999996 0.11283854166666668
0 0.052953125000000004 0.48539062499999996 0.10590625000000001 0.3660416666666666