0 0.051390625 0.4738541666666667 0.10276562500000001 0.39502604166666666
0 0.29674999999999996 0.19372395833333333 0.05165625 0.24572916666666664
0 0.1754375 0.669921875 0.17110937499999998 0.5513541666666667
0 0.089234375 0.32458333333333333 0.06345312499999999 0.18867187500000004
0 0.20728125 0.3553645833333334 0.11126562499999997 0.31000000000000005
0 0.201265625 0.205 0.06332812499999999 0.14338541666666668
0 0.228734375 0.21049479166666665 0.0546875 0.24161458333333333
0 0.55034375 0.22859375 0.03993749999999992 0.14177083333333332
0 0.516921875 0.198203125 0.08246874999999995 0.11572916666666666
0 0.248265625 0.18083333333333332 0.045140624999999976 0.16492187499999997
0 0.58940625 0.223515625 0.046875 0.22713541666666667
0 0.6193593749999999 0.26114583333333335 0.0859375 0.2531770833333333