0 0.58659375 0.7763802083333333 0.15807812499999993 0.37187499999999996
0 0.7210468750000001 0.41651041666666666 0.11579687500000002 0.35250000000000004
0 0.840609375 0.556796875 0.09962499999999999 0.31648437499999993
0 0.4810625 0.163671875 0.056656249999999984 0.188828125
0 0.095046875 0.45067708333333334 0.0703125 0.39208333333333334
0 0.07075000000000001 0.27489583333333334 0.03559375 0.09838541666666667
0 0.170578125 0.251015625 0.02864062500000002 0.07958333333333334
0 0.2109375 0.34578125 0.09721875000000002 0.3009375
0 0.22178124999999999 0.19893229166666668 0.07551562499999998 0.14322916666666666
0 0.29990625 0.18953125 0.049484375000000025 0.2633072916666667
0 0.216578125 0.11502604166666668 0.028640624999999975 0.05643229166666667
0 0.26042187499999997 0.18591145833333333 0.048609375000000024 0.18664062499999998
0 0.3901875 0.11934895833333332 0.052953125000000024 0.17794270833333337
0 0.549484375 0.20833333333333334 0.05381249999999991 0.19385416666666666
0 0.60590625 0.27270833333333333 0.06943750000000008 0.17216145833333338