0 0.510328125 0.168203125 0.07229687499999997 0.23442708333333329
0 0.22999999999999998 0.339921875 0.11651562499999998 0.33421874999999995
0 0.622390625 0.7602604166666667 0.142359375 0.41520833333333323
0 0.791671875 0.7718489583333333 0.16667187499999994 0.3602343750000001
0 0.7274375 0.52734375 0.09028124999999995 0.3023697916666667
0 0.80425 0.504921875 0.07899999999999992 0.3645833333333333
0 0.7126718750000001 0.3971354166666667 0.09895312500000006 0.3515625
0 0.305125 0.22135416666666666 0.05121875000000005 0.21411458333333333
0 0.0703125 0.47236979166666665 0.09375 0.4036458333333333
0 0.088109375 0.29151041666666666 0.065109375 0.1461197916666667
0 0.21440625 0.14828125 0.0625 0.12875
0 0.31120312499999997 0.10489583333333334 0.040796875000000024 0.09403645833333334
0 0.26475 0.18807291666666667 0.0399375 0.20255208333333333
0 0.279078125 0.09981770833333332 0.032125 0.12731770833333333
0 0.075515625 0.19169270833333332 0.041671875000000004 0.14611979166666664