0 0.19049999999999997 0.6340885416666667 0.19345312499999998 0.5671614583333332
0 0.23957812500000003 0.34335937499999997 0.08321874999999998 0.33674479166666665
0 0.29640625 0.19424479166666667 0.05220312499999995 0.24671875000000001
0 0.0675 0.4741927083333333 0.10346875 0.39833333333333326
0 0.18475 0.2450520833333333 0.07335937500000003 0.20341145833333338
0 0.62815625 0.2641145833333333 0.09740625000000006 0.2553906249999999
0 0.21414062500000003 0.1471614583333333 0.035296874999999985 0.11197916666666664
0 0.099859375 0.31072916666666667 0.09026562500000002 0.16914062499999996
0 0.51365625 0.172890625 0.04296875 0.15960937499999997
0 0.25634375 0.18234375 0.03528124999999997 0.16156249999999997
0 0.5464375 0.23002604166666665 0.04600000000000008 0.1446875
0 0.586375 0.20833333333333334 0.052953124999999976 0.21122395833333338