0 0.208296875 0.30984375000000003 0.09546875000000002 0.3063541666666667
0 0.32021875 0.3895052083333333 0.11551562500000001 0.35289062499999996
0 0.64909375 0.2890104166666667 0.04895312500000006 0.19630208333333335
0 0.106203125 0.33203125 0.09418750000000001 0.22567708333333328
0 0.43071875000000004 0.8755989583333333 0.15070312500000002 0.18695312499999991
0 0.50434375 0.17302083333333332 0.07310937499999995 0.1739322916666667
0 0.20623437500000003 0.14450520833333333 0.04770312499999998 0.104375
0 0.0620625 0.4875520833333333 0.08767187500000001 0.41377604166666654
0 0.24521874999999999 0.17361979166666666 0.030374999999999996 0.15335937500000002
0 0.27690625 0.172890625 0.046875 0.20398437500000002
0 0.60503125 0.23075520833333332 0.05381250000000008 0.2387239583333333