0 0.59315625 0.5037239583333334 0.11868750000000006 0.48070312500000006
0 0.288296875 0.591875 0.129125 0.4971614583333334
0 0.39417187499999995 0.4028645833333333 0.12751562499999997 0.27658854166666663
0 0.42634375 0.8484114583333334 0.14465625000000001 0.240234375
0 0.21150000000000002 0.294765625 0.09898437500000001 0.25361979166666665
0 0.079890625 0.34674479166666666 0.06815624999999999 0.28539062499999995
0 0.27990624999999997 0.2040364583333333 0.052156249999999994 0.26309895833333335
0 0.60615625 0.22039062499999998 0.046296874999999994 0.10697916666666663
0 0.5642343750000001 0.22208333333333333 0.04340624999999996 0.1345572916666667
0 0.4995625 0.17578125 0.07899999999999992 0.20109375
0 0.204859375 0.14033854166666668 0.0399375 0.10416666666666667
0 0.23698437499999997 0.17578125 0.036453124999999975 0.1461197916666667