0 0.315296875 0.47695312500000003 0.14503125 0.5225520833333334
0 0.06678125 0.47736979166666665 0.10710937499999999 0.39395833333333324
0 0.29703124999999997 0.19140625 0.051359375000000006 0.2422916666666667
0 0.091578125 0.30703125000000003 0.07635937500000001 0.17914062500000005
0 0.23420312499999998 0.32809895833333336 0.0796875 0.30208333333333337
0 0.614546875 0.2675520833333333 0.10837500000000003 0.25182291666666673
0 0.16840625 0.24291666666666667 0.073015625 0.15536458333333333
0 0.21190625000000002 0.154296875 0.04148437500000002 0.13270833333333334
0 0.24732812499999998 0.17552083333333335 0.04384375 0.1617447916666667
0 0.5464375 0.23002604166666665 0.04253125000000004 0.14177083333333332
0 0.5290781250000001 0.184453125 0.056421875000000024 0.18083333333333332
0 0.5881093749999999 0.22640625 0.044265625000000065 0.23872395833333337