0 0.515484375 0.166875 0.06462500000000002 0.2352864583333333
0 0.2965625 0.2901302083333333 0.09537500000000003 0.33395833333333336
0 0.21675 0.33958333333333335 0.0966875 0.3163541666666667
0 0.05625 0.48828125 0.1125 0.3776041666666667
0 0.08928125 0.36046874999999995 0.07860937500000001 0.27257812500000006
0 0.24867187500000001 0.15580729166666665 0.04743750000000002 0.18098958333333334
0 0.727046875 0.4146614583333333 0.12545312499999994 0.35356770833333345
0 0.606796875 0.7120833333333333 0.1315468750000001 0.47809895833333343
0 0.30207812500000003 0.12658854166666667 0.046875 0.13455729166666666
0 0.7248281249999999 0.7443489583333333 0.17360937499999993 0.4412499999999999
0 0.813375 0.8166927083333334 0.13889062500000007 0.3023697916666667