0 0.24921875 0.3818489583333333 0.06720312499999999 0.20869791666666662
0 0.51246875 0.16388020833333333 0.06395312499999992 0.21578125
0 0.5855 0.772578125 0.14323437499999994 0.390625
0 0.83115625 0.61703125 0.1328125 0.3255208333333333
0 0.3802031250000001 0.12153645833333333 0.04687500000000004 0.17651041666666667
0 0.311625 0.184453125 0.0399375 0.12585937500000002
0 0.282984375 0.26330729166666667 0.078125 0.31828125
0 0.078125 0.45427083333333335 0.0868125 0.390625
0 0.083765625 0.3009375 0.06684375000000001 0.15625
0 0.17925 0.2799479166666667 0.044265624999999975 0.13455729166666672
0 0.21745312499999997 0.14033854166666668 0.056421875000000024 0.10705729166666665