0 0.278125 0.21906250000000002 0.063578125 0.2505208333333333
0 0.643234375 0.7465364583333334 0.154515625 0.4427083333333333
0 0.8615468749999999 0.549765625 0.11371874999999995 0.3616927083333333
0 0.29426562500000003 0.5121614583333333 0.13542187500000002 0.4861197916666667
0 0.09853125 0.36747395833333335 0.07204687500000001 0.2864583333333333
0 0.18229687500000002 0.26619791666666665 0.06250000000000003 0.20833333333333334
0 0.22178124999999999 0.206171875 0.056421875000000024 0.20398437500000002
0 0.23134375000000001 0.10127604166666666 0.040796875000000024 0.13598958333333333
0 0.4149375 0.11572916666666666 0.05034375000000004 0.15625
0 0.37978125 0.13817708333333334 0.0234375 0.1171875
0 0.37629687500000003 0.09549479166666668 0.032125 0.12442708333333334