0 0.165328125 0.8054947916666667 0.18498437499999998 0.3267708333333334
0 0.20534375 0.35479166666666667 0.11285937500000003 0.3040885416666666
0 0.06015625 0.4752604166666667 0.1203125 0.3776041666666667
0 0.078796875 0.3083854166666667 0.06998437500000002 0.16052083333333336
0 0.197515625 0.2217447916666667 0.07526562500000003 0.13364583333333332
0 0.2971875 0.1934375 0.0515625 0.24351562499999999
0 0.64728125 0.2669270833333333 0.06639062500000001 0.24934895833333334
0 0.224390625 0.21049479166666665 0.056421875000000024 0.23291666666666666
0 0.50825 0.19893229166666668 0.09114062500000006 0.13166666666666668
0 0.5915781250000001 0.22859375 0.04600000000000008 0.234375
0 0.5486093750000001 0.23002604166666665 0.041671874999999935 0.1446875