0 0.22503125000000002 0.691953125 0.16224999999999998 0.5158072916666667
0 0.312828125 0.5460677083333333 0.124125 0.4404166666666667
0 0.56221875 0.7323958333333334 0.22007812500000004 0.46296874999999993
0 0.08837500000000001 0.3609114583333333 0.07589062499999999 0.2705729166666667
0 0.34767187499999996 0.24830729166666665 0.08542187500000002 0.15981770833333334
0 0.189 0.2948958333333333 0.05378124999999998 0.13260416666666663
0 0.2495625 0.29658854166666665 0.08767187500000002 0.31828125
0 0.19053124999999999 0.24088541666666666 0.05815625000000002 0.20109375000000004
0 0.31640625 0.147578125 0.052953124999999976 0.1909635416666667
0 0.498265625 0.18880208333333334 0.07292187499999994 0.20979166666666668
0 0.563796875 0.22786458333333334 0.04774999999999992 0.1663802083333333
0 0.60546875 0.243046875 0.056421875000000024 0.15046875