0 0.71609375 0.5925 0.12489062499999992 0.43796875
0 0.05625 0.4817708333333333 0.1125 0.3854166666666667
0 0.783015625 0.8143750000000001 0.10560937499999996 0.30684895833333337
0 0.224578125 0.3440625 0.10220312500000002 0.3272395833333333
0 0.265046875 0.23934895833333333 0.03356250000000003 0.18921875000000002
0 0.23157812500000002 0.18119791666666665 0.03890624999999996 0.11018229166666667
0 0.44762500000000005 0.13450520833333332 0.05314062499999998 0.16242187499999997
0 0.88715625 0.8058333333333333 0.18576562500000007 0.32117187500000005
0 0.302515625 0.17794270833333334 0.061625 0.2633072916666666
0 0.115453125 0.18880208333333334 0.0538125 0.14033854166666665
0 0.076390625 0.24666666666666667 0.032984374999999996 0.12875
0 0.072484375 0.3298697916666667 0.0546875 0.13598958333333333