0 0.514171875 0.16703125 0.06864062499999993 0.23127604166666668
0 0.21195312500000002 0.32783854166666665 0.08492187500000001 0.3207291666666667
0 0.111546875 0.3515625 0.10503124999999999 0.2546354166666666
0 0.05903125 0.48901041666666667 0.1180625 0.3732552083333333
0 0.2421875 0.21049479166666663 0.06423437500000002 0.27343749999999994
0 0.306421875 0.220625 0.057296875000000025 0.19820312500000004
0 0.712234375 0.38195312499999995 0.08767187500000002 0.33565104166666665
0 0.6545156249999999 0.647421875 0.13542187499999994 0.42679687499999996
0 0.81728125 0.797890625 0.12412500000000008 0.34578124999999993
0 0.726125 0.770390625 0.17795312500000007 0.3949739583333332
0 0.345921875 0.29442708333333334 0.12239062500000002 0.3197395833333333
0 0.10112499999999999 0.19893229166666668 0.05121875 0.13166666666666668