0 0.758796875 0.439609375 0.09242187500000006 0.28549479166666664
0 0.57609375 0.77640625 0.15378124999999992 0.3726822916666667
0 0.09393750000000001 0.4616927083333333 0.07685937500000001 0.39002604166666677
0 0.21960937500000002 0.33127604166666663 0.08851562499999999 0.31192708333333335
0 0.06728125 0.276328125 0.040796874999999996 0.10705729166666662
0 0.22135937499999997 0.159140625 0.057296875000000025 0.15335937500000002
0 0.29990625 0.19169270833333332 0.049484375000000025 0.25895833333333335
0 0.257375 0.18302083333333333 0.04253124999999995 0.18664062500000003
0 0.421 0.12947916666666667 0.05381249999999995 0.18664062500000003
0 0.5251718750000001 0.18880208333333334 0.0625 0.206875
0 0.592453125 0.223515625 0.0859375 0.2387239583333333
0 0.6618906250000001 0.30671875 0.09287500000000008 0.31828124999999996