0 0.516625 0.16557291666666665 0.06470312499999994 0.22783854166666662
0 0.6965312499999999 0.5288541666666667 0.13410937500000006 0.4497916666666666
0 0.060406249999999995 0.5086458333333334 0.10315624999999998 0.34546874999999994
0 0.830140625 0.7652864583333333 0.1421875 0.38895833333333335
0 0.224375 0.3466666666666667 0.098625 0.3363281249999999
0 0.6 0.764296875 0.16521875000000003 0.39104166666666657
0 0.26584375 0.19989583333333336 0.05682812500000001 0.27005208333333336
0 0.87803125 0.8687760416666667 0.10676562499999989 0.18953124999999993
0 0.084203125 0.3414322916666667 0.078125 0.2228125
0 0.192703125 0.20833333333333334 0.048609374999999976 0.12442708333333334
0 0.22743750000000001 0.18083333333333332 0.03471875000000004 0.09549479166666669