0 0.7072812500000001 0.38703125 0.09495312499999997 0.39390624999999996
0 0.2171875 0.3370572916666667 0.09528125000000001 0.31643229166666664
0 0.62975 0.6992968749999999 0.16204687500000006 0.5236718750000001
0 0.8567031249999999 0.7883072916666666 0.15237499999999998 0.3380729166666667
0 0.296734375 0.19502604166666668 0.054593749999999996 0.2502864583333333
0 0.602234375 0.23283854166666665 0.07201562500000006 0.240078125
0 0.216390625 0.14278645833333334 0.037140625 0.10520833333333335
0 0.08712500000000001 0.45872395833333335 0.08120312500000001 0.4059895833333334
0 0.53578125 0.18208333333333335 0.05548437499999999 0.16828125000000002
0 0.06728125 0.2669270833333333 0.03559375 0.10851562500000005
0 0.19834374999999999 0.20760416666666667 0.09114062499999998 0.1461197916666667
0 0.9214375 0.6380208333333334 0.11024999999999992 0.24015625000000007