0 0.5816874999999999 0.773984375 0.16459375000000004 0.3749479166666667
0 0.757625 0.43250000000000005 0.09037499999999996 0.28174479166666666
0 0.6699843750000001 0.35317708333333336 0.09835937500000007 0.431484375
0 0.21890625 0.3328645833333333 0.09210937499999998 0.31513020833333333
0 0.301140625 0.16984375 0.04859375000000003 0.19611979166666668
0 0.219203125 0.15098958333333332 0.048843749999999984 0.12911458333333334
0 0.25768749999999996 0.19848958333333333 0.043984374999999964 0.21856770833333336
0 0.09426562499999999 0.467265625 0.078078125 0.38473958333333336
0 0.51753125 0.15049479166666668 0.05906249999999993 0.17684895833333333
0 0.07509375 0.270546875 0.0390625 0.1215364583333333
0 0.5850625 0.2582552083333333 0.057296874999999935 0.19820312499999995