0 0.66640625 0.7258333333333334 0.10956250000000001 0.3280208333333334
0 0.05731249999999999 0.5140885416666666 0.10609375000000001 0.33296875
0 0.5061093750000001 0.17880208333333333 0.08668750000000003 0.2264583333333333
0 0.28878125 0.19041666666666668 0.06007812499999998 0.26
0 0.712140625 0.4745052083333334 0.109171875 0.3033854166666667
0 0.22571875000000002 0.34638020833333333 0.09631249999999998 0.3311458333333333
0 0.218734375 0.17463541666666668 0.043906250000000015 0.08950520833333335
0 0.080734375 0.38195312499999995 0.0694375 0.24015624999999996
0 0.09853125 0.22424479166666667 0.04775 0.11572916666666666
0 0.16884375000000001 0.2228125 0.06684374999999998 0.19385416666666666
0 0.7973125 0.7797916666666667 0.1727499999999999 0.3501041666666666
0 0.905375 0.797890625 0.1875 0.3428906249999999