0 0.2905625 0.5873437499999999 0.12195312500000002 0.5041666666666665
0 0.21340625000000002 0.29911458333333335 0.09226562500000002 0.24614583333333337
0 0.428828125 0.8466927083333333 0.14348437500000003 0.24138020833333348
0 0.52546875 0.18697916666666667 0.07573437500000005 0.20419270833333333
0 0.38862499999999994 0.4088541666666667 0.14159374999999996 0.29442708333333334
0 0.42871875 0.272265625 0.07882812500000003 0.20309895833333327
0 0.26932812500000003 0.20010416666666667 0.059890624999999975 0.25453125000000004
0 0.075515625 0.34867187499999996 0.072921875 0.2661979166666667
0 0.17490624999999999 0.27197916666666666 0.037328124999999976 0.11864583333333334
0 0.209203125 0.15119791666666668 0.05034375000000002 0.13166666666666668
0 0.23740624999999999 0.17940104166666668 0.032125 0.16492187500000002
0 0.602859375 0.23942708333333332 0.04600000000000008 0.15479166666666666