0 0.158390625 0.6832291666666667 0.17787500000000003 0.482109375
0 0.30598437500000003 0.5331250000000001 0.124125 0.3226302083333334
0 0.58159375 0.5201041666666667 0.10417187499999994 0.519375
0 0.640625 0.28791666666666665 0.046875 0.18229166666666666
0 0.5525156250000001 0.225703125 0.059890625000000065 0.18518229166666664
0 0.420578125 0.11572916666666666 0.04948437499999998 0.16203125
0 0.072921875 0.35302083333333334 0.05903125 0.27489583333333334
0 0.17925 0.2604166666666667 0.02517187500000002 0.06945312500000005
0 0.17490624999999999 0.1953125 0.046 0.08968749999999999
0 0.23567187500000003 0.14901041666666667 0.049484375000000025 0.11864583333333334
0 0.22221875 0.29658854166666665 0.11979687500000002 0.29513020833333337