0 0.246375 0.35010416666666666 0.09175000000000004 0.34968749999999993
0 0.29357812499999997 0.23208333333333334 0.05982812500000003 0.3260416666666666
0 0.08048437500000001 0.4559114583333333 0.103265625 0.3919270833333333
0 0.09742187499999999 0.30593750000000003 0.05976562499999999 0.17572916666666663
0 0.19240625 0.23791666666666667 0.05384375000000001 0.18052083333333332
0 0.20528125 0.14500000000000002 0.03678125000000001 0.10351562500000001
0 0.6540781250000001 0.2951302083333333 0.0390625 0.2112239583333333
0 0.5959218749999999 0.23583333333333334 0.07378125000000005 0.2228125
0 0.546875 0.19677083333333334 0.06423437500000002 0.159140625
0 0.5151875 0.17143229166666665 0.056421875000000024 0.16059895833333332
0 0.243921875 0.14322916666666666 0.03471875000000004 0.08968749999999999