0 0.30489062499999997 0.5515625000000001 0.14371875000000003 0.4213281249999999
0 0.52153125 0.7735156249999999 0.24182812499999998 0.38299479166666656
0 0.15315625 0.6275 0.119875 0.3798697916666666
0 0.235734375 0.2861458333333333 0.08817187500000001 0.27890625
0 0.6420312499999999 0.28859375 0.05482812500000005 0.1802604166666667
0 0.38275000000000003 0.09234375 0.031390624999999964 0.11372395833333333
0 0.079859375 0.3421614583333333 0.06076562500000001 0.27054687499999996
0 0.07768749999999999 0.20328125 0.04948437500000001 0.1461197916666667
0 0.18446875000000001 0.21268229166666666 0.046 0.1446875
0 0.234375 0.15479166666666666 0.0555625 0.11572916666666666
0 0.421 0.145390625 0.0625 0.17505208333333333
0 0.569015625 0.225703125 0.044265625000000065 0.18807291666666667
0 0.63584375 0.28356770833333333 0.052953124999999976 0.17651041666666667