0 0.720078125 0.4136979166666667 0.11017187499999999 0.391796875
0 0.601140625 0.7839583333333334 0.20181249999999995 0.35635416666666675
0 0.223203125 0.32695312499999996 0.08642187500000001 0.31882812499999996
0 0.886359375 0.7738020833333333 0.22107812500000001 0.37421875000000004
0 0.5717187499999999 0.19421875 0.06273437499999997 0.21567708333333332
0 0.092015625 0.46151041666666665 0.083328125 0.38773437499999996
0 0.072046875 0.2669270833333333 0.036453124999999996 0.1171875
0 0.6467031249999999 0.24885416666666668 0.06423437500000002 0.2459375
0 0.77040625 0.43257812500000004 0.0772499999999999 0.2922395833333334
0 0.5234375 0.19169270833333332 0.06423437500000002 0.1721614583333333
0 0.22309375 0.15697916666666667 0.05034374999999998 0.13744791666666667
0 0.30207812500000003 0.19747395833333334 0.048609375000000024 0.2387239583333333
0 0.26084375 0.17940104166666668 0.044265624999999975 0.1909635416666667
0 0.169703125 0.23942708333333332 0.03559375 0.0679947916666667