0 0.6994374999999999 0.5170833333333333 0.12348437499999995 0.4788802083333333
0 0.21131250000000001 0.6281249999999999 0.13864062500000002 0.4872395833333334
0 0.396015625 0.4015625 0.13059375 0.27932291666666664
0 0.426640625 0.8475 0.14353125000000003 0.24330729166666654
0 0.196625 0.30973958333333335 0.09775 0.2681770833333334
0 0.269140625 0.20333333333333334 0.061765624999999956 0.25572916666666673
0 0.07675 0.34502604166666667 0.06599999999999999 0.2801302083333333
0 0.25303125 0.40653645833333335 0.046 0.19966145833333337
0 0.20703125 0.18734375 0.05815625000000002 0.17794270833333328
0 0.493484375 0.17216145833333332 0.06857812499999998 0.18229166666666666
0 0.56684375 0.23583333333333334 0.046875 0.16203125
0 0.626296875 0.28283854166666667 0.04600000000000008 0.18664062499999998
0 0.24348437500000003 0.20109375 0.03559375000000005 0.19966145833333337