0 0.15582812499999998 0.6595052083333334 0.22312500000000002 0.5424218749999999
0 0.54115625 0.9133593750000001 0.145109375 0.10648437499999996
0 0.224859375 0.34578125 0.09220312499999998 0.33570312500000005
0 0.635484375 0.263671875 0.09151562500000007 0.2519010416666667
0 0.296546875 0.1933072916666667 0.05250000000000003 0.24367187499999998
0 0.24578125 0.17927083333333335 0.044015625000000023 0.16492187499999997
0 0.21853125 0.14958333333333332 0.039718750000000025 0.11466145833333334
0 0.0515625 0.3932291666666667 0.103125 0.23958333333333334
0 0.08896875 0.30164062500000005 0.061625 0.15770833333333337
0 0.16709374999999999 0.23364583333333333 0.02517187500000002 0.05932291666666667
0 0.1879375 0.206875 0.04253124999999998 0.153359375
0 0.50390625 0.186640625 0.07899999999999992 0.14177083333333332
0 0.5868125 0.2090625 0.048609375000000024 0.18953125
0 0.54775 0.22640625 0.05034375000000004 0.13744791666666667