0 0.1735625 0.8055397727272727 0.09312499999999999 0.3702556818181819
0 0.052015624999999996 0.4430397727272727 0.07753124999999998 0.3034375
0 0.42074999999999996 0.0790909090909091 0.05232812500000002 0.15607954545454544
0 0.028125 0.13164772727272728 0.05625 0.26102272727272724
0 0.31823437499999996 0.3999715909090909 0.0810625 0.38377840909090905
0 0.722203125 0.23738636363636365 0.07553125000000005 0.2874147727272728
0 0.1355625 0.4553409090909091 0.07645312500000001 0.28213068181818185
0 0.524890625 0.3055965909090909 0.041906250000000075 0.2695738636363636
0 0.38625 0.4328693181818182 0.05325000000000002 0.3068465909090909
0 0.46451562500000004 0.09730113636363637 0.05101562499999997 0.19460227272727273
0 0.49217187500000004 0.3342613636363636 0.09323437499999994 0.3309659090909091
0 0.804125 0.2363920454545454 0.07254687500000001 0.29829545454545453