0 0.706015625 0.13392045454545454 0.06895312499999999 0.2678125
0 0.651234375 0.13977272727272727 0.053390624999999935 0.2717613636363636
0 0.41509375000000004 0.08866477272727273 0.055656250000000004 0.17701704545454547
0 0.22742187500000002 0.28653409090909093 0.10760937500000001 0.2805681818181819
0 0.314359375 0.35014204545454547 0.06115624999999998 0.2866761363636363
0 0.362171875 0.22423295454545455 0.06139062500000003 0.3064204545454546
0 0.11775 0.6300852272727272 0.07923437500000001 0.3835227272727272
0 0.03515625 0.3216193181818182 0.0703125 0.3307670454545455
0 0.0931875 0.3246875 0.06807812499999999 0.2719034090909091
0 0.455359375 0.13088068181818183 0.03348437499999992 0.16843750000000002
0 0.477125 0.09536931818181818 0.0390625 0.18667613636363634